100,74.70904605865479,0.22321428571428573,0.89,0.24642857142857144,0.2
200,71.28335395812988,0.16785714285714287,0.89,0.16071428571428573,0.175
300,70.00004398345948,0.18571428571428572,0.9,0.19642857142857142,0.175
400,68.42348377227783,0.16428571428571428,0.9,0.15357142857142858,0.175
500,66.5688232421875,0.14107142857142857,0.8500000000000001,0.13214285714285715,0.15
600,65.368205909729,0.2357142857142857,0.88,0.24642857142857144,0.225
700,65.14440586090087,0.20535714285714285,0.8400000000000001,0.21071428571428572,0.2
800,64.04471580505371,0.2285714285714286,0.89,0.23214285714285715,0.225
900,64.5665089416504,0.15714285714285714,0.79,0.16428571428571428,0.15
1000,63.1885608291626,0.1464285714285714,0.8,0.14285714285714285,0.15
1100,60.79469036102295,0.15714285714285714,0.77,0.16428571428571428,0.15
1200,61.03984622955322,0.2142857142857143,0.88,0.22857142857142856,0.2
1300,60.839207077026366,0.175,0.8200000000000001,0.175,0.175
1400,58.85997673034668,0.20714285714285713,0.77,0.21428571428571427,0.2
1500,59.117774391174315,0.11607142857142858,0.75,0.10714285714285714,0.125
1600,58.506764793395995,0.125,0.69,0.125,0.125
1700,56.31088493347168,0.1,0.75,0.1,0.1
1800,56.831673049926756,0.20357142857142857,0.8500000000000001,0.23214285714285715,0.175
1900,56.19083721160889,0.10892857142857143,0.75,0.11785714285714285,0.1
2000,57.144857482910155,0.14464285714285713,0.78,0.1392857142857143,0.15
2100,55.717849273681644,0.12142857142857143,0.75,0.11785714285714285,0.125
2200,54.903663063049315,0.13035714285714287,0.79,0.13571428571428573,0.125
2300,54.78782009124756,0.14464285714285713,0.75,0.1392857142857143,0.15
2400,53.70700534820557,0.13392857142857142,0.79,0.14285714285714285,0.125
2500,53.13552917480469,0.1142857142857143,0.86,0.10357142857142858,0.125
2600,50.11547058105469,0.13214285714285715,0.78,0.1392857142857143,0.125
2700,50.05001239776611,0.10892857142857143,0.75,0.11785714285714285,0.1
2800,49.99681047439575,0.09821428571428573,0.74,0.09642857142857143,0.1
2900,50.4422148513794,0.1,0.77,0.1,0.1
3000,48.946618194580076,0.125,0.73,0.125,0.125
3100,49.21500383377075,0.07857142857142857,0.73,0.08214285714285714,0.075
3200,48.73844465255738,0.10535714285714287,0.79,0.11071428571428572,0.1
3300,48.46153108596802,0.11071428571428571,0.81,0.12142857142857141,0.1
3400,47.19920255661011,0.13035714285714287,0.74,0.13571428571428573,0.125
3500,49.139890594482424,0.08214285714285714,0.76,0.08928571428571429,0.075
3600,49.152525405883786,0.10178571428571428,0.71,0.10357142857142858,0.1
3700,47.55049251556397,0.10535714285714287,0.8,0.11071428571428572,0.1
3800,46.513569812774655,0.15535714285714286,0.78,0.16071428571428573,0.15
3900,46.757515296936035,0.08392857142857144,0.75,0.09285714285714286,0.075
4000,48.71424592971802,0.08392857142857144,0.79,0.09285714285714286,0.075
4100,47.28040466308594,0.08928571428571429,0.73,0.07857142857142857,0.1
4200,48.71111991882324,0.11964285714285713,0.77,0.11428571428571428,0.125
4300,47.910130672454834,0.16785714285714287,0.79,0.16071428571428573,0.175
4400,48.29963893890381,0.075,0.8400000000000001,0.075,0.075
4500,46.57948163986206,0.075,0.77,0.075,0.075
4600,47.635927295684816,0.07678571428571429,0.8200000000000001,0.07857142857142857,0.075
4700,46.38975471496582,0.05178571428571428,0.78,0.05357142857142857,0.05
4800,48.1807382774353,0.09464285714285714,0.74,0.08928571428571429,0.1
4900,47.36079448699951,0.09464285714285714,0.79,0.08928571428571429,0.1
5000,45.91195463180542,0.07678571428571429,0.75,0.07857142857142857,0.075
5100,45.424918022155765,0.055357142857142855,0.8200000000000001,0.06071428571428571,0.05
5200,43.77925182342529,0.0732142857142857,0.77,0.07142857142857142,0.075
5300,44.516384563446046,0.07142857142857142,0.76,0.06785714285714287,0.075
5400,43.89693807601929,0.053571428571428575,0.77,0.05714285714285714,0.05
5500,45.26404050827026,0.05178571428571428,0.75,0.05357142857142857,0.05
5600,43.47694734573364,0.075,0.73,0.075,0.075
5700,44.851937198638915,0.07857142857142857,0.77,0.08214285714285714,0.075
5800,44.58227029800415,0.0732142857142857,0.74,0.07142857142857142,0.075
5900,43.723001365661624,0.08928571428571429,0.76,0.07857142857142857,0.1
6000,44.06607666015625,0.07678571428571429,0.74,0.07857142857142857,0.075
6100,45.293536796569825,0.0625,0.74,0.075,0.05
6200,44.37935892105102,0.048214285714285716,0.79,0.04642857142857143,0.05
6300,44.82519693374634,0.07678571428571429,0.71,0.07857142857142857,0.075
6400,42.56910015106201,0.09285714285714286,0.71,0.08571428571428572,0.1
6500,43.39187788009644,0.075,0.7,0.075,0.075
6600,42.4896114730835,0.053571428571428575,0.8300000000000001,0.05714285714285714,0.05
6700,44.075871257781984,0.09821428571428573,0.75,0.09642857142857143,0.1
6800,44.15105051040649,0.05714285714285715,0.73,0.0642857142857143,0.05
6900,44.79216464996338,0.07678571428571429,0.79,0.07857142857142857,0.075
7000,43.90358736038208,0.05178571428571428,0.75,0.05357142857142857,0.05
7100,42.881788654327394,0.05178571428571428,0.79,0.05357142857142857,0.05
7200,41.92875827789307,0.05178571428571428,0.76,0.05357142857142857,0.05
7300,43.18821439743042,0.075,0.73,0.075,0.075
7400,43.415249538421634,0.075,0.74,0.075,0.075
7500,42.34757976531982,0.0732142857142857,0.79,0.07142857142857142,0.075
7600,40.90988874435425,0.0625,0.74,0.05,0.075
7700,42.7516917514801,0.04285714285714286,0.77,0.03571428571428571,0.05
7800,41.41648445129395,0.044642857142857144,0.79,0.039285714285714285,0.05
7900,41.47338806152344,0.0732142857142857,0.73,0.07142857142857142,0.075
8000,42.21381278991699,0.0732142857142857,0.72,0.07142857142857142,0.075
8100,42.576189842224125,0.0732142857142857,0.74,0.07142857142857142,0.075
8200,41.46005792617798,0.037500000000000006,0.75,0.05,0.025
8300,41.52765947341919,0.04642857142857143,0.75,0.04285714285714286,0.05
8400,41.17418615341187,0.04642857142857143,0.75,0.04285714285714286,0.05
8500,42.69400356292724,0.05892857142857143,0.77,0.04285714285714286,0.075
8600,42.69967824935913,0.05178571428571428,0.77,0.05357142857142857,0.05
8700,41.471487541198734,0.06964285714285715,0.74,0.0642857142857143,0.075
8800,42.26312029838562,0.0732142857142857,0.75,0.07142857142857142,0.075
8900,41.82663585662842,0.048214285714285716,0.78,0.04642857142857143,0.05
9000,42.90619161605835,0.03214285714285714,0.78,0.039285714285714285,0.025
9100,41.69619352340698,0.05,0.76,0.05,0.05
9200,42.123314456939696,0.05714285714285715,0.74,0.0642857142857143,0.05
9300,41.67370637893677,0.07142857142857142,0.73,0.06785714285714287,0.075
9400,41.48770921707153,0.0732142857142857,0.74,0.07142857142857142,0.075
9500,41.45833683013916,0.044642857142857144,0.73,0.039285714285714285,0.05
9600,42.89701063156128,0.05,0.75,0.05,0.05
9700,40.5295597076416,0.04642857142857143,0.75,0.04285714285714286,0.05
9800,41.60308385848999,0.048214285714285716,0.78,0.04642857142857143,0.05
9900,42.68764699935913,0.0625,0.76,0.05,0.075
10000,40.69604106903076,0.05178571428571428,0.72,0.05357142857142857,0.05
10100,41.033399200439455,0.06785714285714285,0.71,0.06071428571428571,0.075
10200,40.70963035583496,0.05178571428571428,0.74,0.05357142857142857,0.05
10300,41.763139209747315,0.058928571428571434,0.76,0.06785714285714287,0.05
10400,42.52931749343872,0.07142857142857142,0.76,0.06785714285714287,0.075
10500,40.95322881698608,0.05714285714285715,0.73,0.0642857142857143,0.05
10600,40.44217792510986,0.05,0.72,0.05,0.05
10700,40.96102582931518,0.04285714285714286,0.73,0.03571428571428571,0.05
10800,42.14167640686035,0.05178571428571428,0.75,0.05357142857142857,0.05
10900,40.30320960998535,0.048214285714285716,0.74,0.04642857142857143,0.05
11000,40.21986034393311,0.04642857142857143,0.76,0.04285714285714286,0.05
11100,40.631115760803226,0.044642857142857144,0.74,0.039285714285714285,0.05
11200,41.25207572937012,0.030357142857142857,0.75,0.03571428571428571,0.025
11300,41.55617486953735,0.075,0.74,0.075,0.075
11400,40.244975032806394,0.05178571428571428,0.71,0.05357142857142857,0.05
11500,42.23743745803833,0.05,0.76,0.05,0.05
11600,42.197019786834716,0.05,0.74,0.05,0.05
11700,41.850708675384524,0.048214285714285716,0.74,0.04642857142857143,0.05
11800,41.540005683898926,0.03571428571428571,0.73,0.04642857142857143,0.025
11900,42.228049697875974,0.07142857142857142,0.74,0.06785714285714287,0.075
12000,41.09509433746338,0.05178571428571428,0.72,0.05357142857142857,0.05
12100,41.00865493774414,0.05178571428571428,0.75,0.05357142857142857,0.05
12200,40.85077745437622,0.048214285714285716,0.75,0.04642857142857143,0.05
12300,39.97013916015625,0.016071428571428573,0.74,0.03214285714285715,0.0
12400,41.15325456619263,0.04642857142857143,0.74,0.04285714285714286,0.05
12500,42.1081303024292,0.053571428571428575,0.75,0.05714285714285714,0.05
12600,41.13059803009033,0.05178571428571428,0.73,0.05357142857142857,0.05
12700,40.464674129486085,0.04642857142857143,0.74,0.04285714285714286,0.05
12800,39.094223461151124,0.05,0.72,0.05,0.05
12900,39.27600536346436,0.044642857142857144,0.75,0.039285714285714285,0.05
13000,39.886502227783204,0.04642857142857143,0.73,0.04285714285714286,0.05
13100,40.38258911132812,0.048214285714285716,0.74,0.04642857142857143,0.05
13200,41.35244606018066,0.048214285714285716,0.74,0.04642857142857143,0.05
13300,41.59351085662842,0.05178571428571428,0.73,0.05357142857142857,0.05
13400,40.745172634124756,0.037500000000000006,0.73,0.05,0.025
13500,39.73818634033203,0.06607142857142857,0.74,0.05714285714285714,0.075
13600,40.86852191925049,0.03392857142857143,0.75,0.04285714285714286,0.025
13700,41.81341758728027,0.0625,0.74,0.05,0.075
13800,40.6932905960083,0.04642857142857143,0.75,0.04285714285714286,0.05
13900,42.01145343780517,0.044642857142857144,0.76,0.039285714285714285,0.05
14000,40.6001145362854,0.048214285714285716,0.74,0.04642857142857143,0.05
14100,42.039463443756105,0.044642857142857144,0.76,0.039285714285714285,0.05
14200,39.357676906585695,0.039285714285714285,0.72,0.05357142857142857,0.025
14300,40.51856750488281,0.03392857142857143,0.73,0.04285714285714286,0.025
14400,40.39831197738648,0.048214285714285716,0.73,0.04642857142857143,0.05
14500,41.14751539230347,0.05178571428571428,0.73,0.05357142857142857,0.05
14600,40.65571067810058,0.03392857142857143,0.73,0.04285714285714286,0.025
14700,41.42782085418701,0.048214285714285716,0.73,0.04642857142857143,0.05
14800,41.01226945877075,0.044642857142857144,0.73,0.039285714285714285,0.05
14900,39.35238914489746,0.05714285714285715,0.72,0.0642857142857143,0.05
15000,40.6007858467102,0.037500000000000006,0.74,0.05,0.025
15100,39.60568088531494,0.03392857142857143,0.73,0.04285714285714286,0.025
15200,39.55578609466553,0.030357142857142857,0.73,0.03571428571428571,0.025
15300,38.64700984954834,0.04642857142857143,0.72,0.04285714285714286,0.05
15400,39.96560115814209,0.05178571428571428,0.73,0.05357142857142857,0.05
15500,40.25437299728394,0.04642857142857143,0.73,0.04285714285714286,0.05
15600,40.08759561538696,0.05178571428571428,0.74,0.05357142857142857,0.05
15700,40.26829200744629,0.04285714285714286,0.73,0.03571428571428571,0.05
15800,39.72001829147339,0.048214285714285716,0.73,0.04642857142857143,0.05
15900,40.67364505767822,0.05,0.73,0.05,0.05
16000,41.43030927658081,0.044642857142857144,0.74,0.039285714285714285,0.05
16100,40.69742334365845,0.04642857142857143,0.74,0.04285714285714286,0.05
16200,40.59190711975098,0.04107142857142858,0.74,0.03214285714285715,0.05
16300,40.822474517822265,0.04285714285714286,0.73,0.03571428571428571,0.05
16400,40.35190979003906,0.04285714285714286,0.74,0.03571428571428571,0.05
16500,39.54310186386108,0.05,0.72,0.05,0.05
16600,40.518235473632814,0.039285714285714285,0.72,0.05357142857142857,0.025
16700,39.55666604995727,0.03214285714285714,0.73,0.039285714285714285,0.025
16800,39.010241355896,0.03214285714285714,0.74,0.039285714285714285,0.025
16900,40.06884510040283,0.05,0.72,0.05,0.05
17000,39.5862319946289,0.048214285714285716,0.73,0.04642857142857143,0.05
17100,38.57723201751709,0.03571428571428571,0.72,0.04642857142857143,0.025
17200,39.61185041427612,0.03571428571428571,0.73,0.04642857142857143,0.025
17300,41.00657272338867,0.05,0.74,0.05,0.05
17400,41.97713100433349,0.05178571428571428,0.74,0.05357142857142857,0.05
17500,38.52050180435181,0.044642857142857144,0.73,0.039285714285714285,0.05
17600,38.56661491394043,0.05178571428571428,0.74,0.05357142857142857,0.05
17700,41.71172472000122,0.048214285714285716,0.74,0.04642857142857143,0.05
17800,39.92621389389038,0.044642857142857144,0.74,0.039285714285714285,0.05
17900,40.23314933776855,0.05,0.73,0.05,0.05
18000,38.72786329269409,0.048214285714285716,0.73,0.04642857142857143,0.05
18100,39.28489789962769,0.04642857142857143,0.74,0.04285714285714286,0.05
18200,40.86093544006348,0.05,0.73,0.05,0.05
18300,40.516636543273925,0.05,0.73,0.05,0.05
18400,40.257040634155274,0.04642857142857143,0.74,0.04285714285714286,0.05
18500,39.5694165802002,0.04642857142857143,0.74,0.04285714285714286,0.05
18600,40.6771950340271,0.048214285714285716,0.74,0.04642857142857143,0.05
18700,40.397588596343994,0.039285714285714285,0.74,0.05357142857142857,0.025
18800,40.41689287185669,0.05,0.74,0.05,0.05
18900,40.29901752471924,0.048214285714285716,0.74,0.04642857142857143,0.05
19000,39.255093059539796,0.05178571428571428,0.73,0.05357142857142857,0.05
19100,38.81751049041748,0.048214285714285716,0.73,0.04642857142857143,0.05
19200,39.67272190093994,0.05,0.73,0.05,0.05
19300,40.4165576171875,0.048214285714285716,0.73,0.04642857142857143,0.05
19400,39.06312786102295,0.05,0.73,0.05,0.05
19500,38.69062534332275,0.05178571428571428,0.72,0.05357142857142857,0.05
19600,38.27722553253174,0.05178571428571428,0.72,0.05357142857142857,0.05
19700,39.55802925109863,0.05178571428571428,0.72,0.05357142857142857,0.05
19800,39.83885416030884,0.05,0.72,0.05,0.05
19900,40.370075969696046,0.05,0.73,0.05,0.05
20000,39.75071718215943,0.048214285714285716,0.73,0.04642857142857143,0.05
20100,39.18116456985474,0.05,0.72,0.05,0.05
20200,38.82605033874512,0.048214285714285716,0.73,0.04642857142857143,0.05
20300,39.89655828475952,0.048214285714285716,0.73,0.04642857142857143,0.05
20400,39.80706602096558,0.048214285714285716,0.73,0.04642857142857143,0.05
20500,39.50142135620117,0.048214285714285716,0.73,0.04642857142857143,0.05
20600,39.060922927856446,0.048214285714285716,0.73,0.04642857142857143,0.05
20700,38.787786674499515,0.048214285714285716,0.73,0.04642857142857143,0.05
20800,40.67244812011719,0.048214285714285716,0.73,0.04642857142857143,0.05
20900,39.37065006256103,0.048214285714285716,0.73,0.04642857142857143,0.05
21000,39.81440021514893,0.048214285714285716,0.73,0.04642857142857143,0.05
21100,40.51914463043213,0.048214285714285716,0.73,0.04642857142857143,0.05
21200,41.28864110946655,0.048214285714285716,0.73,0.04642857142857143,0.05
21300,40.085875244140624,0.048214285714285716,0.73,0.04642857142857143,0.05
21400,41.32464834213257,0.05,0.73,0.05,0.05
21500,40.56618860244751,0.05,0.73,0.05,0.05
21600,38.8454640007019,0.048214285714285716,0.73,0.04642857142857143,0.05
21700,39.76862247467041,0.048214285714285716,0.73,0.04642857142857143,0.05
21800,38.914660396575925,0.05,0.72,0.05,0.05
21900,39.63691709518432,0.048214285714285716,0.73,0.04642857142857143,0.05
22000,38.72126821517944,0.05178571428571428,0.72,0.05357142857142857,0.05
22100,41.228020420074465,0.048214285714285716,0.73,0.04642857142857143,0.05
22200,40.28490823745727,0.048214285714285716,0.73,0.04642857142857143,0.05
22300,39.962185859680176,0.048214285714285716,0.73,0.04642857142857143,0.05
22400,40.06430381774902,0.048214285714285716,0.73,0.04642857142857143,0.05
22500,40.459147987365725,0.04642857142857143,0.73,0.04285714285714286,0.05
22600,40.05220554351806,0.048214285714285716,0.73,0.04642857142857143,0.05
22700,41.00775045394897,0.048214285714285716,0.73,0.04642857142857143,0.05
22800,39.599735736846924,0.048214285714285716,0.73,0.04642857142857143,0.05
22900,39.359896392822264,0.048214285714285716,0.73,0.04642857142857143,0.05
23000,39.02951370239258,0.048214285714285716,0.73,0.04642857142857143,0.05
23100,38.70382921218872,0.048214285714285716,0.73,0.04642857142857143,0.05
23200,40.685665149688724,0.048214285714285716,0.73,0.04642857142857143,0.05
23300,40.62955467224121,0.048214285714285716,0.73,0.04642857142857143,0.05
23400,40.178145294189456,0.048214285714285716,0.73,0.04642857142857143,0.05
23500,39.901852207183836,0.048214285714285716,0.73,0.04642857142857143,0.05
23600,40.70731906890869,0.048214285714285716,0.73,0.04642857142857143,0.05
23700,40.94963592529297,0.048214285714285716,0.73,0.04642857142857143,0.05
23800,39.31519529342651,0.05,0.73,0.05,0.05
23900,39.31772657394409,0.048214285714285716,0.73,0.04642857142857143,0.05
24000,39.223428363800046,0.048214285714285716,0.73,0.04642857142857143,0.05
24100,41.11892971992493,0.048214285714285716,0.73,0.04642857142857143,0.05
24200,39.05826047897339,0.048214285714285716,0.73,0.04642857142857143,0.05
24300,39.43068105697632,0.048214285714285716,0.73,0.04642857142857143,0.05
24400,39.43656381607056,0.048214285714285716,0.73,0.04642857142857143,0.05
24500,38.93959014892578,0.048214285714285716,0.73,0.04642857142857143,0.05
24600,41.37724229812622,0.048214285714285716,0.73,0.04642857142857143,0.05
24700,39.497270259857174,0.05,0.73,0.05,0.05
24800,40.289122829437254,0.05178571428571428,0.73,0.05357142857142857,0.05
24900,39.73218458175659,0.05,0.73,0.05,0.05
25000,40.0397034072876,0.05,0.73,0.05,0.05
25100,40.228637046813965,0.048214285714285716,0.73,0.04642857142857143,0.05
25200,40.47752626419067,0.048214285714285716,0.73,0.04642857142857143,0.05
25300,40.50880117416382,0.048214285714285716,0.73,0.04642857142857143,0.05
25400,40.20936080932617,0.048214285714285716,0.73,0.04642857142857143,0.05
25500,40.84497039794922,0.048214285714285716,0.73,0.04642857142857143,0.05
25600,39.697191066741944,0.048214285714285716,0.73,0.04642857142857143,0.05
25700,40.20766828536987,0.05178571428571428,0.72,0.05357142857142857,0.05
25800,39.62657033920288,0.05178571428571428,0.72,0.05357142857142857,0.05
25900,38.30247329711914,0.05178571428571428,0.72,0.05357142857142857,0.05
26000,39.41200067520142,0.05,0.72,0.05,0.05
26100,38.29467239379883,0.05,0.72,0.05,0.05
26200,39.14569076538086,0.05178571428571428,0.72,0.05357142857142857,0.05
26300,40.78629264831543,0.05178571428571428,0.72,0.05357142857142857,0.05
26400,39.683800811767576,0.05178571428571428,0.72,0.05357142857142857,0.05
26500,39.386333560943605,0.05178571428571428,0.72,0.05357142857142857,0.05
26600,38.26037776947022,0.05178571428571428,0.72,0.05357142857142857,0.05
26700,40.54445682525635,0.05178571428571428,0.72,0.05357142857142857,0.05
26800,41.960840549469,0.05,0.72,0.05,0.05
26900,38.07364482879639,0.05,0.72,0.05,0.05
27000,38.90398105621338,0.05,0.72,0.05,0.05
27100,38.52260667800903,0.05,0.72,0.05,0.05
27200,39.385061988830564,0.05178571428571428,0.72,0.05357142857142857,0.05
27300,39.87449449539184,0.05178571428571428,0.72,0.05357142857142857,0.05
27400,40.14827095031738,0.05178571428571428,0.72,0.05357142857142857,0.05
27500,38.76141351699829,0.05178571428571428,0.72,0.05357142857142857,0.05
27600,38.680540256500244,0.05178571428571428,0.72,0.05357142857142857,0.05
27700,40.69387756347656,0.05178571428571428,0.72,0.05357142857142857,0.05
27800,39.07060716629028,0.05,0.72,0.05,0.05
27900,39.656933765411374,0.05,0.72,0.05,0.05
28000,39.36852024078369,0.05,0.72,0.05,0.05
28100,40.44772455215454,0.05,0.72,0.05,0.05
28200,40.63551933288574,0.05178571428571428,0.72,0.05357142857142857,0.05
28300,39.93419563293457,0.05178571428571428,0.72,0.05357142857142857,0.05
28400,38.68173442840576,0.05178571428571428,0.72,0.05357142857142857,0.05
28500,40.32254005432129,0.05178571428571428,0.72,0.05357142857142857,0.05
28600,40.06570560455322,0.05178571428571428,0.72,0.05357142857142857,0.05
28700,39.875671501159665,0.05178571428571428,0.72,0.05357142857142857,0.05
28800,38.40442434310913,0.05,0.72,0.05,0.05
28900,38.926657848358154,0.05178571428571428,0.72,0.05357142857142857,0.05
29000,40.23172979354858,0.05178571428571428,0.72,0.05357142857142857,0.05
29100,38.48491443634033,0.05178571428571428,0.72,0.05357142857142857,0.05
29200,38.71114934921265,0.05178571428571428,0.72,0.05357142857142857,0.05
29300,39.990220317840574,0.05178571428571428,0.72,0.05357142857142857,0.05
29400,40.45159366607666,0.05178571428571428,0.72,0.05357142857142857,0.05
29500,41.34763101577759,0.05178571428571428,0.72,0.05357142857142857,0.05
29600,40.54307228088379,0.05178571428571428,0.72,0.05357142857142857,0.05
29700,39.95902172088623,0.05178571428571428,0.72,0.05357142857142857,0.05
29800,39.243213634490964,0.05178571428571428,0.72,0.05357142857142857,0.05
29900,39.695486793518064,0.05178571428571428,0.72,0.05357142857142857,0.05
30000,38.69221363067627,0.05178571428571428,0.72,0.05357142857142857,0.05
30100,39.08963514328003,0.05178571428571428,0.72,0.05357142857142857,0.05
30200,40.884627704620364,0.05178571428571428,0.72,0.05357142857142857,0.05
30300,40.3965220451355,0.05178571428571428,0.72,0.05357142857142857,0.05
30400,39.9309517288208,0.05178571428571428,0.72,0.05357142857142857,0.05
30500,40.45664087295532,0.05178571428571428,0.72,0.05357142857142857,0.05
30600,40.85174921035767,0.05178571428571428,0.72,0.05357142857142857,0.05
30700,39.406298599243165,0.05178571428571428,0.72,0.05357142857142857,0.05
30800,40.417708263397216,0.05178571428571428,0.72,0.05357142857142857,0.05
30900,40.6292946434021,0.05178571428571428,0.72,0.05357142857142857,0.05
31000,39.95764400482178,0.05178571428571428,0.72,0.05357142857142857,0.05
31100,40.22529432296753,0.05178571428571428,0.72,0.05357142857142857,0.05
31200,39.939358463287356,0.05178571428571428,0.72,0.05357142857142857,0.05
31300,38.97499811172485,0.05178571428571428,0.72,0.05357142857142857,0.05
31400,39.93006523132324,0.05178571428571428,0.72,0.05357142857142857,0.05
31500,39.49314031600952,0.05,0.72,0.05,0.05
31600,40.54795564651489,0.05,0.72,0.05,0.05
31700,39.35734691619873,0.05,0.72,0.05,0.05
31800,40.70129222869873,0.05,0.72,0.05,0.05
31900,40.00164436340332,0.05,0.72,0.05,0.05
32000,39.091005668640136,0.05178571428571428,0.72,0.05357142857142857,0.05
32100,40.28289821624756,0.05,0.72,0.05,0.05
32200,38.888994483947755,0.05,0.72,0.05,0.05
32300,41.28831498146057,0.05178571428571428,0.72,0.05357142857142857,0.05
32400,40.03107429504394,0.05,0.72,0.05,0.05
32500,39.66855886459351,0.05,0.72,0.05,0.05
32600,38.894287815093996,0.05,0.72,0.05,0.05
32700,39.31610673904419,0.05,0.72,0.05,0.05
32800,40.554424629211425,0.05,0.72,0.05,0.05
32900,39.95941476821899,0.05,0.72,0.05,0.05
33000,39.06233968734741,0.05,0.72,0.05,0.05
33100,39.89641044616699,0.05,0.72,0.05,0.05
33200,40.07396209716797,0.05,0.72,0.05,0.05
33300,38.20892370223999,0.05,0.72,0.05,0.05
33400,39.982067909240726,0.05,0.72,0.05,0.05
33500,37.9821728515625,0.05,0.72,0.05,0.05
33600,39.222036571502684,0.05,0.72,0.05,0.05
33700,39.761662559509276,0.05,0.72,0.05,0.05
33800,39.767151279449465,0.05,0.72,0.05,0.05
33900,39.847808303833006,0.05,0.72,0.05,0.05
34000,38.86772661209106,0.05,0.72,0.05,0.05
34100,39.711064643859864,0.05,0.72,0.05,0.05
34200,38.89264205932617,0.05178571428571428,0.72,0.05357142857142857,0.05
34300,39.22840738296509,0.05178571428571428,0.72,0.05357142857142857,0.05
34400,41.04635892868042,0.05178571428571428,0.72,0.05357142857142857,0.05
34500,40.447020778656004,0.05178571428571428,0.72,0.05357142857142857,0.05
34600,39.247623424530026,0.05178571428571428,0.72,0.05357142857142857,0.05
34700,39.185962982177735,0.05178571428571428,0.72,0.05357142857142857,0.05
34800,40.60813236236572,0.05178571428571428,0.72,0.05357142857142857,0.05
34900,39.82016149520874,0.05178571428571428,0.72,0.05357142857142857,0.05
35000,39.69260171890259,0.05178571428571428,0.72,0.05357142857142857,0.05
35100,38.28951454162598,0.05178571428571428,0.72,0.05357142857142857,0.05
35200,38.84073564529419,0.05178571428571428,0.72,0.05357142857142857,0.05
35300,40.210305271148684,0.05178571428571428,0.72,0.05357142857142857,0.05
35400,38.91652856826782,0.05178571428571428,0.72,0.05357142857142857,0.05
35500,39.47915885925293,0.05178571428571428,0.72,0.05357142857142857,0.05
35600,39.93277675628662,0.05178571428571428,0.72,0.05357142857142857,0.05
35700,40.69806035995484,0.05178571428571428,0.72,0.05357142857142857,0.05
35800,41.06664524078369,0.05178571428571428,0.72,0.05357142857142857,0.05
35900,36.77835990905762,0.05178571428571428,0.72,0.05357142857142857,0.05
36000,40.15359596252441,0.05178571428571428,0.72,0.05357142857142857,0.05
36100,40.74273368835449,0.05178571428571428,0.72,0.05357142857142857,0.05
36200,40.09484725952149,0.05178571428571428,0.72,0.05357142857142857,0.05
36300,39.09715440750122,0.05178571428571428,0.72,0.05357142857142857,0.05
36400,39.84384511947632,0.05178571428571428,0.72,0.05357142857142857,0.05
36500,40.079191513061524,0.05178571428571428,0.72,0.05357142857142857,0.05
36600,38.97469846725464,0.05,0.72,0.05,0.05
36700,39.75626125335693,0.05178571428571428,0.72,0.05357142857142857,0.05
36800,40.13585697174072,0.05178571428571428,0.72,0.05357142857142857,0.05
36900,40.429866847991946,0.05178571428571428,0.72,0.05357142857142857,0.05
37000,38.83536922454834,0.05178571428571428,0.72,0.05357142857142857,0.05
37100,39.62066564559937,0.05178571428571428,0.72,0.05357142857142857,0.05
37200,39.23594888687134,0.05178571428571428,0.72,0.05357142857142857,0.05
37300,40.27524255752564,0.05178571428571428,0.72,0.05357142857142857,0.05
37400,38.188205070495606,0.05178571428571428,0.72,0.05357142857142857,0.05
37500,39.85064596176147,0.05178571428571428,0.72,0.05357142857142857,0.05
37600,40.86391201019287,0.05178571428571428,0.72,0.05357142857142857,0.05
37700,39.71435619354248,0.05178571428571428,0.72,0.05357142857142857,0.05
37800,40.27022567749023,0.05178571428571428,0.72,0.05357142857142857,0.05
37900,39.44338875770569,0.05178571428571428,0.72,0.05357142857142857,0.05
38000,39.566931076049805,0.05178571428571428,0.72,0.05357142857142857,0.05
38100,40.0189435005188,0.05178571428571428,0.72,0.05357142857142857,0.05
38200,38.09040252685547,0.05178571428571428,0.72,0.05357142857142857,0.05
38300,39.23071310043335,0.05178571428571428,0.72,0.05357142857142857,0.05
38400,40.5680172920227,0.05178571428571428,0.72,0.05357142857142857,0.05
38500,40.70733144760132,0.05178571428571428,0.72,0.05357142857142857,0.05
38600,39.03333662033081,0.05178571428571428,0.72,0.05357142857142857,0.05
38700,39.825710468292236,0.05178571428571428,0.72,0.05357142857142857,0.05
38800,39.51390613555908,0.05178571428571428,0.72,0.05357142857142857,0.05
38900,39.7611506652832,0.05178571428571428,0.72,0.05357142857142857,0.05
39000,40.25432083129883,0.05178571428571428,0.72,0.05357142857142857,0.05
39100,41.94267671585083,0.05178571428571428,0.72,0.05357142857142857,0.05
39200,40.1145436668396,0.05178571428571428,0.72,0.05357142857142857,0.05
39300,38.94555121421814,0.05178571428571428,0.72,0.05357142857142857,0.05
39400,39.51306049346924,0.05178571428571428,0.72,0.05357142857142857,0.05
39500,39.12850870132446,0.05178571428571428,0.72,0.05357142857142857,0.05
39600,39.997713317871096,0.05178571428571428,0.72,0.05357142857142857,0.05
39700,39.484200935363766,0.05178571428571428,0.72,0.05357142857142857,0.05
39800,38.655454597473145,0.05178571428571428,0.72,0.05357142857142857,0.05
39900,38.967280349731446,0.05178571428571428,0.72,0.05357142857142857,0.05
40000,40.20204948425293,0.05178571428571428,0.72,0.05357142857142857,0.05
40100,39.16803285598755,0.05178571428571428,0.72,0.05357142857142857,0.05
40200,41.27990732192993,0.05178571428571428,0.72,0.05357142857142857,0.05
40300,40.84944021224975,0.05178571428571428,0.72,0.05357142857142857,0.05
40400,40.746037330627445,0.05178571428571428,0.72,0.05357142857142857,0.05
40500,40.177094287872315,0.05178571428571428,0.72,0.05357142857142857,0.05
40600,38.670281734466556,0.05178571428571428,0.72,0.05357142857142857,0.05
40700,39.57939571380615,0.05178571428571428,0.72,0.05357142857142857,0.05
40800,39.53670684814453,0.05178571428571428,0.72,0.05357142857142857,0.05
40900,40.958306007385254,0.05178571428571428,0.72,0.05357142857142857,0.05
41000,37.97694042205811,0.05178571428571428,0.72,0.05357142857142857,0.05
41100,39.05904558181763,0.05178571428571428,0.72,0.05357142857142857,0.05
41200,40.208260459899904,0.05178571428571428,0.72,0.05357142857142857,0.05
41300,38.54260993957519,0.05178571428571428,0.72,0.05357142857142857,0.05
41400,40.97621938705444,0.05178571428571428,0.72,0.05357142857142857,0.05
41500,38.246190872192386,0.05178571428571428,0.72,0.05357142857142857,0.05
41600,38.92755044937134,0.05178571428571428,0.72,0.05357142857142857,0.05
41700,39.97524751663208,0.05178571428571428,0.72,0.05357142857142857,0.05
41800,37.99982217788696,0.05178571428571428,0.72,0.05357142857142857,0.05
41900,40.19010221481323,0.05178571428571428,0.72,0.05357142857142857,0.05
42000,40.78063247680664,0.05178571428571428,0.72,0.05357142857142857,0.05
42100,39.85192497253418,0.05178571428571428,0.72,0.05357142857142857,0.05
42200,40.02134264945984,0.05178571428571428,0.72,0.05357142857142857,0.05
42300,39.98041007995605,0.05178571428571428,0.72,0.05357142857142857,0.05
42400,38.376782722473145,0.05178571428571428,0.72,0.05357142857142857,0.05
42500,39.14318294525147,0.05178571428571428,0.72,0.05357142857142857,0.05
42600,39.669296703338624,0.05178571428571428,0.72,0.05357142857142857,0.05
42700,40.30196792602539,0.05178571428571428,0.72,0.05357142857142857,0.05
42800,38.799287490844726,0.05178571428571428,0.72,0.05357142857142857,0.05
42900,39.32912126541137,0.05178571428571428,0.72,0.05357142857142857,0.05
43000,40.476910762786865,0.05178571428571428,0.72,0.05357142857142857,0.05
43100,40.43220350265503,0.05178571428571428,0.72,0.05357142857142857,0.05
43200,39.53778650283814,0.05178571428571428,0.72,0.05357142857142857,0.05
43300,39.138977241516116,0.05178571428571428,0.72,0.05357142857142857,0.05
43400,39.159717655181886,0.05178571428571428,0.72,0.05357142857142857,0.05
43500,39.545717029571534,0.05178571428571428,0.72,0.05357142857142857,0.05
43600,40.10476715087891,0.05178571428571428,0.72,0.05357142857142857,0.05
43700,39.620873012542724,0.05178571428571428,0.72,0.05357142857142857,0.05
43800,38.73850439071655,0.05178571428571428,0.72,0.05357142857142857,0.05
43900,39.64586072921753,0.05178571428571428,0.72,0.05357142857142857,0.05
44000,40.240900707244876,0.05178571428571428,0.72,0.05357142857142857,0.05
44100,39.20973331451416,0.05178571428571428,0.72,0.05357142857142857,0.05
44200,41.35071828842163,0.05178571428571428,0.72,0.05357142857142857,0.05
44300,39.68391260147095,0.05178571428571428,0.72,0.05357142857142857,0.05
44400,40.533387184143066,0.05178571428571428,0.72,0.05357142857142857,0.05
44500,39.338469676971435,0.05178571428571428,0.72,0.05357142857142857,0.05
44600,40.19092868804932,0.05178571428571428,0.72,0.05357142857142857,0.05
44700,39.22147003173828,0.05178571428571428,0.72,0.05357142857142857,0.05
44800,40.284831771850584,0.05178571428571428,0.72,0.05357142857142857,0.05
44900,38.2874167060852,0.05178571428571428,0.72,0.05357142857142857,0.05
45000,40.55400924682617,0.05178571428571428,0.72,0.05357142857142857,0.05
45100,40.06743961334229,0.05178571428571428,0.72,0.05357142857142857,0.05
45200,40.59878686904907,0.05178571428571428,0.72,0.05357142857142857,0.05
45300,39.77702054977417,0.05178571428571428,0.72,0.05357142857142857,0.05
45400,39.0714612197876,0.05178571428571428,0.72,0.05357142857142857,0.05
45500,39.652288064956664,0.05178571428571428,0.72,0.05357142857142857,0.05
45600,38.778681087493894,0.05178571428571428,0.72,0.05357142857142857,0.05
45700,40.31411596298218,0.05178571428571428,0.72,0.05357142857142857,0.05
45800,40.6443955039978,0.05178571428571428,0.72,0.05357142857142857,0.05
45900,37.36366413116455,0.05178571428571428,0.72,0.05357142857142857,0.05
46000,39.35247463226318,0.05178571428571428,0.72,0.05357142857142857,0.05
46100,39.85907264709473,0.05178571428571428,0.72,0.05357142857142857,0.05
46200,40.64374898910523,0.05178571428571428,0.72,0.05357142857142857,0.05
46300,39.29380182266235,0.05178571428571428,0.72,0.05357142857142857,0.05
46400,40.068068237304686,0.05178571428571428,0.72,0.05357142857142857,0.05
46500,40.002094707489015,0.05178571428571428,0.72,0.05357142857142857,0.05
46600,36.73752285003662,0.05178571428571428,0.72,0.05357142857142857,0.05
46700,39.193180046081544,0.05178571428571428,0.72,0.05357142857142857,0.05
46800,39.68098320007324,0.05178571428571428,0.72,0.05357142857142857,0.05
46900,38.99036926269531,0.05178571428571428,0.72,0.05357142857142857,0.05
47000,39.569079875946045,0.05178571428571428,0.72,0.05357142857142857,0.05
47100,39.594632930755616,0.05178571428571428,0.72,0.05357142857142857,0.05
47200,39.755038814544676,0.05178571428571428,0.72,0.05357142857142857,0.05
47300,39.25651615142822,0.05178571428571428,0.72,0.05357142857142857,0.05
47400,41.15477495193481,0.05178571428571428,0.72,0.05357142857142857,0.05
47500,40.56152496337891,0.05178571428571428,0.72,0.05357142857142857,0.05
47600,38.885161323547365,0.05178571428571428,0.72,0.05357142857142857,0.05
47700,38.56838354110718,0.05178571428571428,0.72,0.05357142857142857,0.05
47800,38.989161815643314,0.05178571428571428,0.72,0.05357142857142857,0.05
47900,40.9503443145752,0.05178571428571428,0.72,0.05357142857142857,0.05
48000,39.613077354431155,0.05178571428571428,0.72,0.05357142857142857,0.05
48100,38.706916885375975,0.05178571428571428,0.72,0.05357142857142857,0.05
48200,38.740394306182864,0.05178571428571428,0.72,0.05357142857142857,0.05
48300,38.658532772064206,0.05178571428571428,0.72,0.05357142857142857,0.05
48400,40.47425491333008,0.05178571428571428,0.72,0.05357142857142857,0.05
48500,40.827867641448975,0.05178571428571428,0.72,0.05357142857142857,0.05
48600,41.37277574539185,0.05178571428571428,0.72,0.05357142857142857,0.05
48700,39.92857019424439,0.05178571428571428,0.72,0.05357142857142857,0.05
48800,39.605124702453615,0.05178571428571428,0.72,0.05357142857142857,0.05
48900,38.972457809448244,0.05178571428571428,0.72,0.05357142857142857,0.05
49000,40.571465950012204,0.05178571428571428,0.72,0.05357142857142857,0.05
49100,39.7940704536438,0.05178571428571428,0.72,0.05357142857142857,0.05
49200,40.58413494110108,0.05178571428571428,0.72,0.05357142857142857,0.05
49300,39.85366870880127,0.05178571428571428,0.72,0.05357142857142857,0.05
49400,39.359496994018556,0.05178571428571428,0.72,0.05357142857142857,0.05
49500,38.88064910888672,0.05178571428571428,0.72,0.05357142857142857,0.05
49600,38.90400424957275,0.05178571428571428,0.72,0.05357142857142857,0.05
49700,38.97101877212524,0.05178571428571428,0.72,0.05357142857142857,0.05
49800,38.591930599212645,0.05178571428571428,0.72,0.05357142857142857,0.05
49900,40.72761661529541,0.05178571428571428,0.72,0.05357142857142857,0.05
50000,38.88847274780274,0.05178571428571428,0.72,0.05357142857142857,0.05
50100,40.8972092628479,0.05178571428571428,0.72,0.05357142857142857,0.05
50200,40.108851757049564,0.05178571428571428,0.72,0.05357142857142857,0.05
50300,40.17552717208862,0.05178571428571428,0.72,0.05357142857142857,0.05
50400,39.567149562835695,0.05178571428571428,0.72,0.05357142857142857,0.05
50500,39.77784925460816,0.05178571428571428,0.72,0.05357142857142857,0.05
50600,39.76384107589722,0.05178571428571428,0.72,0.05357142857142857,0.05
50700,39.451916980743405,0.05178571428571428,0.72,0.05357142857142857,0.05
50800,40.67661243438721,0.05178571428571428,0.72,0.05357142857142857,0.05
50900,39.273903102874755,0.05178571428571428,0.72,0.05357142857142857,0.05
51000,40.981443061828614,0.05178571428571428,0.72,0.05357142857142857,0.05
51100,39.25338871002197,0.05178571428571428,0.72,0.05357142857142857,0.05
51200,39.13016004562378,0.05178571428571428,0.72,0.05357142857142857,0.05
51300,39.67775791168213,0.05178571428571428,0.72,0.05357142857142857,0.05
51400,41.3433459854126,0.05178571428571428,0.72,0.05357142857142857,0.05
51500,39.66150035858154,0.05178571428571428,0.72,0.05357142857142857,0.05
51600,39.53321403503418,0.05178571428571428,0.72,0.05357142857142857,0.05
51700,41.6399952507019,0.05178571428571428,0.72,0.05357142857142857,0.05
51800,39.56976139068603,0.05178571428571428,0.72,0.05357142857142857,0.05
51900,38.196492958068845,0.05178571428571428,0.72,0.05357142857142857,0.05
52000,40.66865333557129,0.05178571428571428,0.72,0.05357142857142857,0.05
52100,40.39560689926147,0.05178571428571428,0.72,0.05357142857142857,0.05
52200,40.05849996566772,0.05178571428571428,0.72,0.05357142857142857,0.05
52300,40.18161109924316,0.05178571428571428,0.72,0.05357142857142857,0.05
52400,39.60257316589355,0.05178571428571428,0.72,0.05357142857142857,0.05
52500,40.29436891555786,0.05178571428571428,0.72,0.05357142857142857,0.05
52600,39.992885513305666,0.05178571428571428,0.72,0.05357142857142857,0.05
52700,40.17418489456177,0.05178571428571428,0.72,0.05357142857142857,0.05
52800,38.39806186676025,0.05178571428571428,0.72,0.05357142857142857,0.05
52900,39.5889973449707,0.05178571428571428,0.72,0.05357142857142857,0.05
53000,38.760688400268556,0.05178571428571428,0.72,0.05357142857142857,0.05
53100,40.37637920379639,0.05178571428571428,0.72,0.05357142857142857,0.05
53200,39.092040634155275,0.05178571428571428,0.72,0.05357142857142857,0.05
53300,38.77242927551269,0.05178571428571428,0.72,0.05357142857142857,0.05
53400,40.08406665802002,0.05178571428571428,0.72,0.05357142857142857,0.05
53500,40.30338871002197,0.05178571428571428,0.72,0.05357142857142857,0.05
53600,38.135986919403074,0.05178571428571428,0.72,0.05357142857142857,0.05
53700,40.01479801177979,0.05178571428571428,0.72,0.05357142857142857,0.05
53800,39.89789281845093,0.05178571428571428,0.72,0.05357142857142857,0.05
53900,39.330400924682614,0.05178571428571428,0.72,0.05357142857142857,0.05
54000,38.255853023529056,0.05178571428571428,0.72,0.05357142857142857,0.05
54100,38.75520641326904,0.05178571428571428,0.72,0.05357142857142857,0.05
54200,39.409142894744875,0.05178571428571428,0.72,0.05357142857142857,0.05
54300,39.03744842529297,0.05178571428571428,0.72,0.05357142857142857,0.05
54400,38.664516563415525,0.05178571428571428,0.72,0.05357142857142857,0.05
54500,39.79423025131226,0.05178571428571428,0.72,0.05357142857142857,0.05
54600,39.497315921783446,0.05178571428571428,0.72,0.05357142857142857,0.05
54700,38.10342281341553,0.05178571428571428,0.72,0.05357142857142857,0.05
54800,39.948563194274904,0.05178571428571428,0.72,0.05357142857142857,0.05
54900,39.17504077911377,0.05178571428571428,0.72,0.05357142857142857,0.05
55000,38.68203296661377,0.05178571428571428,0.72,0.05357142857142857,0.05
55100,39.72703868865967,0.05178571428571428,0.72,0.05357142857142857,0.05
55200,38.10467732429505,0.05178571428571428,0.72,0.05357142857142857,0.05
55300,38.66615369796753,0.05178571428571428,0.72,0.05357142857142857,0.05
55400,39.653534202575685,0.05178571428571428,0.72,0.05357142857142857,0.05
55500,39.52473680496216,0.05178571428571428,0.72,0.05357142857142857,0.05
55600,39.709542217254636,0.05178571428571428,0.72,0.05357142857142857,0.05
55700,39.84452117919922,0.05178571428571428,0.72,0.05357142857142857,0.05
55800,39.93148588180542,0.05178571428571428,0.72,0.05357142857142857,0.05
55900,38.10732936859131,0.05178571428571428,0.72,0.05357142857142857,0.05
56000,39.87592811584473,0.05178571428571428,0.72,0.05357142857142857,0.05
56100,40.572778377532956,0.05178571428571428,0.72,0.05357142857142857,0.05
56200,39.254953670501706,0.05178571428571428,0.72,0.05357142857142857,0.05
56300,39.12091695785522,0.05178571428571428,0.72,0.05357142857142857,0.05
56400,40.62265466690064,0.05178571428571428,0.72,0.05357142857142857,0.05
56500,40.80352470397949,0.05178571428571428,0.72,0.05357142857142857,0.05
56600,40.51936021804809,0.05178571428571428,0.72,0.05357142857142857,0.05
56700,40.60694847106934,0.05178571428571428,0.72,0.05357142857142857,0.05
56800,42.09458303451538,0.05178571428571428,0.72,0.05357142857142857,0.05
56900,39.41208667755127,0.05178571428571428,0.72,0.05357142857142857,0.05
57000,40.36807161331177,0.05178571428571428,0.72,0.05357142857142857,0.05
57100,38.80848997116089,0.05178571428571428,0.72,0.05357142857142857,0.05
57200,40.830107345581055,0.05178571428571428,0.72,0.05357142857142857,0.05
57300,39.37757522583008,0.05178571428571428,0.72,0.05357142857142857,0.05
57400,39.673979091644284,0.05178571428571428,0.72,0.05357142857142857,0.05
57500,38.35496446609497,0.05178571428571428,0.72,0.05357142857142857,0.05
57600,39.53602485656738,0.05178571428571428,0.72,0.05357142857142857,0.05
57700,40.33925350189209,0.05178571428571428,0.72,0.05357142857142857,0.05
57800,39.20492546081543,0.05178571428571428,0.72,0.05357142857142857,0.05
57900,38.65998544692993,0.05178571428571428,0.72,0.05357142857142857,0.05
58000,40.129567832946776,0.05178571428571428,0.72,0.05357142857142857,0.05
58100,38.69857564926147,0.05178571428571428,0.72,0.05357142857142857,0.05
58200,39.22824968338013,0.05178571428571428,0.72,0.05357142857142857,0.05
58300,38.45419256210327,0.05178571428571428,0.72,0.05357142857142857,0.05
58400,39.410854225158694,0.05178571428571428,0.72,0.05357142857142857,0.05
58500,39.424500617980954,0.05178571428571428,0.72,0.05357142857142857,0.05
58600,39.513702392578125,0.05178571428571428,0.72,0.05357142857142857,0.05
58700,39.34405199050903,0.05178571428571428,0.72,0.05357142857142857,0.05
58800,40.35405841827392,0.05178571428571428,0.72,0.05357142857142857,0.05
58900,39.62226282119751,0.05178571428571428,0.72,0.05357142857142857,0.05
59000,40.40781797409058,0.05178571428571428,0.72,0.05357142857142857,0.05
59100,40.63919820785522,0.05178571428571428,0.72,0.05357142857142857,0.05
59200,39.14515598297119,0.05178571428571428,0.72,0.05357142857142857,0.05
59300,39.809968395233156,0.05178571428571428,0.72,0.05357142857142857,0.05
59400,39.7494803237915,0.05178571428571428,0.72,0.05357142857142857,0.05
59500,38.97190185546875,0.05178571428571428,0.72,0.05357142857142857,0.05
59600,39.96827766418457,0.05178571428571428,0.72,0.05357142857142857,0.05
59700,40.806742124557495,0.05178571428571428,0.72,0.05357142857142857,0.05
59800,39.312160148620606,0.05178571428571428,0.72,0.05357142857142857,0.05
59900,38.809267578125,0.05178571428571428,0.72,0.05357142857142857,0.05
60000,38.612851028442385,0.05178571428571428,0.72,0.05357142857142857,0.05
60100,38.87156650543213,0.05178571428571428,0.72,0.05357142857142857,0.05
60200,39.404160537719726,0.05178571428571428,0.72,0.05357142857142857,0.05
60300,41.320980319976805,0.05178571428571428,0.72,0.05357142857142857,0.05
60400,38.884390106201174,0.05178571428571428,0.72,0.05357142857142857,0.05
60500,37.67645205497742,0.05178571428571428,0.72,0.05357142857142857,0.05
60600,38.66233371734619,0.05178571428571428,0.72,0.05357142857142857,0.05
60700,39.86366603851318,0.05178571428571428,0.72,0.05357142857142857,0.05
60800,38.964519023895264,0.05178571428571428,0.72,0.05357142857142857,0.05
60900,39.77159248352051,0.05178571428571428,0.72,0.05357142857142857,0.05
61000,38.90296096801758,0.05178571428571428,0.72,0.05357142857142857,0.05
61100,40.85954950332641,0.05178571428571428,0.72,0.05357142857142857,0.05
61200,38.04301595687866,0.05178571428571428,0.72,0.05357142857142857,0.05
61300,38.877060165405275,0.05178571428571428,0.72,0.05357142857142857,0.05
61400,39.25812526702881,0.05178571428571428,0.72,0.05357142857142857,0.05
61500,39.96664150238037,0.05178571428571428,0.72,0.05357142857142857,0.05
61600,40.42813446044922,0.05178571428571428,0.72,0.05357142857142857,0.05
61700,40.981081295013425,0.05178571428571428,0.72,0.05357142857142857,0.05
61800,39.438291988372804,0.05178571428571428,0.72,0.05357142857142857,0.05
61900,39.397580280303956,0.05178571428571428,0.72,0.05357142857142857,0.05
62000,39.28098121643066,0.05178571428571428,0.72,0.05357142857142857,0.05
62100,39.600191020965575,0.05178571428571428,0.72,0.05357142857142857,0.05
62200,40.51173370361328,0.05178571428571428,0.72,0.05357142857142857,0.05
62300,40.00492185592651,0.05178571428571428,0.72,0.05357142857142857,0.05
62400,40.10282154083252,0.05178571428571428,0.72,0.05357142857142857,0.05
62500,39.005183715820316,0.05178571428571428,0.72,0.05357142857142857,0.05
62600,38.950471000671385,0.05178571428571428,0.72,0.05357142857142857,0.05
62700,40.784631881713864,0.05178571428571428,0.72,0.05357142857142857,0.05
62800,39.976130180358886,0.05178571428571428,0.72,0.05357142857142857,0.05
62900,37.698597259521485,0.05178571428571428,0.72,0.05357142857142857,0.05
63000,39.872879600524904,0.05178571428571428,0.72,0.05357142857142857,0.05
63100,39.25118535995483,0.05178571428571428,0.72,0.05357142857142857,0.05
63200,39.41288137435913,0.05178571428571428,0.72,0.05357142857142857,0.05
63300,39.4490104675293,0.05178571428571428,0.72,0.05357142857142857,0.05
63400,40.000009784698484,0.05178571428571428,0.72,0.05357142857142857,0.05
63500,40.95657932281494,0.05178571428571428,0.72,0.05357142857142857,0.05
63600,40.1820094871521,0.05178571428571428,0.72,0.05357142857142857,0.05
63700,39.315743103027344,0.05178571428571428,0.72,0.05357142857142857,0.05
63800,39.374859790802,0.05178571428571428,0.72,0.05357142857142857,0.05
63900,37.93918439865112,0.05178571428571428,0.72,0.05357142857142857,0.05
64000,38.611173439025876,0.05178571428571428,0.72,0.05357142857142857,0.05
64100,40.82980703353882,0.05178571428571428,0.72,0.05357142857142857,0.05
64200,40.22263879776001,0.05178571428571428,0.72,0.05357142857142857,0.05
64300,41.26615665435791,0.05178571428571428,0.72,0.05357142857142857,0.05
64400,40.19087680816651,0.05178571428571428,0.72,0.05357142857142857,0.05
64500,40.88584119796753,0.05178571428571428,0.72,0.05357142857142857,0.05
64600,39.048620796203615,0.05178571428571428,0.72,0.05357142857142857,0.05
64700,38.24657728195191,0.05178571428571428,0.72,0.05357142857142857,0.05
64800,41.9601220703125,0.05178571428571428,0.72,0.05357142857142857,0.05
64900,39.98817792892456,0.05178571428571428,0.72,0.05357142857142857,0.05
65000,40.993747596740725,0.05178571428571428,0.72,0.05357142857142857,0.05
65100,40.47401159286499,0.05178571428571428,0.72,0.05357142857142857,0.05
65200,39.67728006362915,0.05178571428571428,0.72,0.05357142857142857,0.05
65300,38.60519809722901,0.05178571428571428,0.72,0.05357142857142857,0.05
65400,39.13553440093994,0.05178571428571428,0.72,0.05357142857142857,0.05
65500,38.525140533447264,0.05178571428571428,0.72,0.05357142857142857,0.05
65600,39.66295425415039,0.05178571428571428,0.72,0.05357142857142857,0.05
65700,38.92610994338989,0.05178571428571428,0.72,0.05357142857142857,0.05
65800,38.80040462493896,0.05178571428571428,0.72,0.05357142857142857,0.05
65900,39.36431058883667,0.05178571428571428,0.72,0.05357142857142857,0.05
66000,40.44585163116455,0.05178571428571428,0.72,0.05357142857142857,0.05
66100,38.65100820541382,0.05178571428571428,0.72,0.05357142857142857,0.05
66200,39.251668300628666,0.05178571428571428,0.72,0.05357142857142857,0.05
66300,38.63389310836792,0.05178571428571428,0.72,0.05357142857142857,0.05
66400,39.356181106567384,0.05178571428571428,0.72,0.05357142857142857,0.05
66500,38.62685695648193,0.05178571428571428,0.72,0.05357142857142857,0.05
66600,39.392203693389895,0.05178571428571428,0.72,0.05357142857142857,0.05
66700,39.889654846191405,0.05178571428571428,0.72,0.05357142857142857,0.05
66800,38.749929141998294,0.05178571428571428,0.72,0.05357142857142857,0.05
66900,39.655073490142826,0.05178571428571428,0.72,0.05357142857142857,0.05
67000,41.32567136764526,0.05178571428571428,0.72,0.05357142857142857,0.05
67100,39.22618976593017,0.05178571428571428,0.72,0.05357142857142857,0.05
67200,40.28002155303955,0.05178571428571428,0.72,0.05357142857142857,0.05
67300,41.0392795753479,0.05178571428571428,0.72,0.05357142857142857,0.05
67400,39.79915500640869,0.05178571428571428,0.72,0.05357142857142857,0.05
67500,41.09289163589477,0.05178571428571428,0.72,0.05357142857142857,0.05
67600,40.05936964035034,0.05178571428571428,0.72,0.05357142857142857,0.05
67700,39.052387676239015,0.05178571428571428,0.72,0.05357142857142857,0.05
67800,40.556586723327634,0.05178571428571428,0.72,0.05357142857142857,0.05
67900,38.93537300109863,0.05178571428571428,0.72,0.05357142857142857,0.05
68000,39.22577682495117,0.05178571428571428,0.72,0.05357142857142857,0.05
68100,39.936267948150636,0.05178571428571428,0.72,0.05357142857142857,0.05
68200,39.786713447570804,0.05178571428571428,0.72,0.05357142857142857,0.05
68300,39.72880508422852,0.05178571428571428,0.72,0.05357142857142857,0.05
68400,40.65962362289429,0.05178571428571428,0.72,0.05357142857142857,0.05
68500,41.061051502227784,0.05178571428571428,0.72,0.05357142857142857,0.05
68600,38.04314262390137,0.05178571428571428,0.72,0.05357142857142857,0.05
68700,38.726159763336184,0.05178571428571428,0.72,0.05357142857142857,0.05
68800,38.815548477172854,0.05178571428571428,0.72,0.05357142857142857,0.05
68900,38.49261587142944,0.05178571428571428,0.72,0.05357142857142857,0.05
69000,39.315500545501706,0.05178571428571428,0.72,0.05357142857142857,0.05
69100,39.33407817840576,0.05178571428571428,0.72,0.05357142857142857,0.05
69200,40.66859251022339,0.05178571428571428,0.72,0.05357142857142857,0.05
69300,39.91015537261963,0.05178571428571428,0.72,0.05357142857142857,0.05
69400,39.62187747955322,0.05178571428571428,0.72,0.05357142857142857,0.05
69500,40.61283269882202,0.05178571428571428,0.72,0.05357142857142857,0.05
69600,39.11775758743286,0.05178571428571428,0.72,0.05357142857142857,0.05
69700,38.243703022003174,0.05178571428571428,0.72,0.05357142857142857,0.05
69800,40.57105670928955,0.05178571428571428,0.72,0.05357142857142857,0.05
69900,39.729939765930176,0.05178571428571428,0.72,0.05357142857142857,0.05
70000,37.77945192337036,0.05178571428571428,0.72,0.05357142857142857,0.05
70100,38.541270627975464,0.05178571428571428,0.72,0.05357142857142857,0.05
70200,38.451534576416016,0.05178571428571428,0.72,0.05357142857142857,0.05
70300,38.12439435958862,0.05178571428571428,0.72,0.05357142857142857,0.05
70400,39.288043689727786,0.05178571428571428,0.72,0.05357142857142857,0.05
70500,38.39708530426025,0.05178571428571428,0.72,0.05357142857142857,0.05
70600,41.115976905822755,0.05178571428571428,0.72,0.05357142857142857,0.05
70700,40.342473316192624,0.05178571428571428,0.72,0.05357142857142857,0.05
70800,40.52816835403442,0.05178571428571428,0.72,0.05357142857142857,0.05
70900,40.0988473701477,0.05178571428571428,0.72,0.05357142857142857,0.05
71000,40.467204551696774,0.05178571428571428,0.72,0.05357142857142857,0.05
71100,40.673230495452884,0.05178571428571428,0.72,0.05357142857142857,0.05
71200,39.564580039978026,0.05178571428571428,0.72,0.05357142857142857,0.05
71300,38.71062385559082,0.05178571428571428,0.72,0.05357142857142857,0.05
71400,39.79248586654663,0.05178571428571428,0.72,0.05357142857142857,0.05
71500,41.00657258987427,0.05178571428571428,0.72,0.05357142857142857,0.05
71600,40.07687337875366,0.05178571428571428,0.72,0.05357142857142857,0.05
71700,39.442990436553956,0.05178571428571428,0.72,0.05357142857142857,0.05
71800,39.07565565109253,0.05178571428571428,0.72,0.05357142857142857,0.05
71900,39.81585762023926,0.05178571428571428,0.72,0.05357142857142857,0.05
72000,38.56520313262939,0.05178571428571428,0.72,0.05357142857142857,0.05
72100,40.89384567260742,0.05178571428571428,0.72,0.05357142857142857,0.05
72200,39.646829528808595,0.05178571428571428,0.72,0.05357142857142857,0.05
72300,39.39364448547363,0.05178571428571428,0.72,0.05357142857142857,0.05
72400,40.70281965255737,0.05178571428571428,0.72,0.05357142857142857,0.05
72500,40.083955211639406,0.05178571428571428,0.72,0.05357142857142857,0.05
72600,39.057668685913086,0.05178571428571428,0.72,0.05357142857142857,0.05
72700,39.59252592086792,0.05178571428571428,0.72,0.05357142857142857,0.05
72800,40.74493045806885,0.05178571428571428,0.72,0.05357142857142857,0.05
72900,40.83701234817505,0.05178571428571428,0.72,0.05357142857142857,0.05
73000,40.14644458770752,0.05178571428571428,0.72,0.05357142857142857,0.05
73100,40.775332641601565,0.05178571428571428,0.72,0.05357142857142857,0.05
