100,25.361223640441896,0.225,0.9299999999999999,0.25,0.2
 200,23.993219594955445,0.2583333333333333,0.9199999999999999,0.26666666666666666,0.25
 300,24.084173097610474,0.20833333333333334,0.95,0.16666666666666669,0.25
 400,23.663046569824218,0.2,0.89,0.2,0.2
 500,23.57076558113098,0.2,0.9299999999999999,0.2,0.2
 600,22.298385229110718,0.2,0.8400000000000001,0.2,0.2
 700,22.601576347351074,0.25,0.95,0.3,0.2
 800,22.82572054862976,0.16666666666666666,0.94,0.18333333333333332,0.15
 900,22.81083435058594,0.19166666666666665,0.88,0.18333333333333332,0.2
 1000,22.062169103622438,0.2,0.91,0.2,0.2
 1100,21.394387664794923,0.25,0.89,0.25,0.25
 1200,20.28828892707825,0.21666666666666667,0.8400000000000001,0.23333333333333334,0.2
 1300,21.232776193618776,0.20833333333333331,0.81,0.21666666666666665,0.2
 1400,20.641462326049805,0.13333333333333333,0.8500000000000001,0.11666666666666667,0.15
 1500,20.808867168426513,0.18333333333333332,0.94,0.21666666666666665,0.15
 1600,20.70406039237976,0.23333333333333334,0.8400000000000001,0.21666666666666665,0.25
 1700,20.39175859451294,0.175,0.88,0.2,0.15
 1800,20.333731479644776,0.15833333333333333,0.9199999999999999,0.16666666666666669,0.15
 1900,20.100132236480714,0.2583333333333333,0.86,0.26666666666666666,0.25
 2000,20.31718999862671,0.18333333333333332,0.9299999999999999,0.21666666666666665,0.15
 2100,20.034214591979982,0.15,0.8400000000000001,0.15,0.15
 2200,19.764809999465943,0.125,0.95,0.15,0.1
 2300,18.78223052740097,0.2,0.9199999999999999,0.2,0.2
 2400,19.567851181030274,0.23333333333333334,0.9,0.21666666666666665,0.25
 2500,19.294603881835936,0.15,0.8200000000000001,0.15,0.15
 2600,17.27205421447754,0.15,0.78,0.15,0.15
 2700,18.266673469543456,0.14166666666666666,0.8400000000000001,0.13333333333333333,0.15
 2800,17.161513776779174,0.14166666666666666,0.81,0.13333333333333333,0.15
 2900,18.22796956062317,0.16666666666666666,0.79,0.18333333333333332,0.15
 3000,17.43340585231781,0.11666666666666667,0.8400000000000001,0.13333333333333333,0.1
 3100,17.20414849281311,0.125,0.8,0.15,0.1
 3200,18.083377022743225,0.23333333333333334,0.8300000000000001,0.21666666666666665,0.25
 3300,17.87217209815979,0.125,0.81,0.15,0.1
 3400,18.36080325126648,0.16666666666666669,0.81,0.13333333333333333,0.2
 3500,16.830226092338563,0.15,0.77,0.15,0.15
 3600,16.57872543334961,0.125,0.8200000000000001,0.15,0.1
 3700,16.588588848114014,0.11666666666666667,0.7,0.13333333333333333,0.1
 3800,17.209463443756103,0.1,0.88,0.1,0.1
 3900,17.47169804573059,0.125,0.81,0.1,0.15
 4000,15.878428030014039,0.14166666666666666,0.76,0.13333333333333333,0.15
 4100,16.791512908935548,0.1,0.87,0.1,0.1
 4200,16.816816992759705,0.1,0.78,0.1,0.1
 4300,17.22611852645874,0.11666666666666667,0.81,0.13333333333333333,0.1
 4400,17.712592363357544,0.14166666666666666,0.81,0.13333333333333333,0.15
 4500,16.739618411064146,0.125,0.89,0.15,0.1
 4600,16.013285434246065,0.2,0.77,0.2,0.2
 4700,16.711986045837403,0.15,0.8200000000000001,0.15,0.15
 4800,16.832606105804444,0.13333333333333333,0.87,0.11666666666666667,0.15
 4900,15.887782588005066,0.15,0.73,0.15,0.15
 5000,16.79561668395996,0.10833333333333334,0.8400000000000001,0.11666666666666667,0.1
 5100,15.931090021133423,0.13333333333333333,0.81,0.11666666666666667,0.15
 5200,15.679177923202515,0.09166666666666667,0.78,0.08333333333333334,0.1
 5300,15.911411371231079,0.1,0.79,0.1,0.1
 5400,16.346406660079957,0.10833333333333334,0.73,0.11666666666666667,0.1
 5500,15.373984026908875,0.07500000000000001,0.8400000000000001,0.1,0.05
 5600,15.18520896434784,0.15,0.8300000000000001,0.15,0.15
 5700,15.665240349769592,0.10833333333333334,0.78,0.11666666666666667,0.1
 5800,15.180051403045654,0.15,0.8500000000000001,0.15,0.15
 5900,15.56126169681549,0.15833333333333333,0.74,0.16666666666666669,0.15
 6000,16.57895514011383,0.07500000000000001,0.8400000000000001,0.1,0.05
 6100,15.802043924331665,0.1,0.8,0.1,0.1
 6200,15.262762565612793,0.13333333333333333,0.65,0.11666666666666667,0.15
 6300,14.397057795524598,0.125,0.76,0.1,0.15
 6400,15.49899043083191,0.1,0.79,0.1,0.1
 6500,14.181093955039978,0.10833333333333334,0.8,0.11666666666666667,0.1
 6600,14.677739188671111,0.1,0.78,0.1,0.1
 6700,15.327013731002808,0.10833333333333334,0.75,0.11666666666666667,0.1
 6800,15.786631712913513,0.06666666666666668,0.81,0.08333333333333334,0.05
 6900,13.923019976615906,0.11666666666666667,0.78,0.13333333333333333,0.1
 7000,15.517173457145692,0.11666666666666667,0.73,0.13333333333333333,0.1
 7100,14.570327243804932,0.16666666666666666,0.71,0.18333333333333332,0.15
 7200,15.40239176273346,0.14166666666666666,0.79,0.13333333333333333,0.15
 7300,14.893161387443543,0.10833333333333334,0.8200000000000001,0.11666666666666667,0.1
 7400,14.651582860946656,0.058333333333333334,0.79,0.06666666666666667,0.05
 7500,14.322547125816346,0.15833333333333333,0.78,0.16666666666666669,0.15
 7600,14.345294721126557,0.058333333333333334,0.81,0.06666666666666667,0.05
 7700,13.911652460098267,0.10833333333333334,0.78,0.11666666666666667,0.1
 7800,14.327243897914887,0.10833333333333334,0.72,0.11666666666666667,0.1
 7900,14.446782155036926,0.11666666666666667,0.81,0.13333333333333333,0.1
 8000,14.208886961936951,0.14166666666666666,0.77,0.13333333333333333,0.15
 8100,14.155728027820587,0.1,0.78,0.1,0.1
 8200,13.794609408378602,0.09166666666666667,0.76,0.08333333333333334,0.1
 8300,13.691245622634888,0.09166666666666667,0.79,0.08333333333333334,0.1
 8400,13.953149757385255,0.11666666666666667,0.75,0.13333333333333333,0.1
 8500,14.733987455368043,0.09166666666666667,0.8400000000000001,0.08333333333333334,0.1
 8600,13.85583149433136,0.10833333333333334,0.8200000000000001,0.11666666666666667,0.1
 8700,14.309561939239503,0.125,0.79,0.1,0.15
 8800,14.277688131332397,0.1,0.81,0.1,0.1
 8900,14.599089856147765,0.14166666666666666,0.79,0.13333333333333333,0.15
 9000,14.558921508789062,0.1,0.8300000000000001,0.1,0.1
 9100,13.838165140151977,0.08333333333333334,0.78,0.06666666666666667,0.1
 9200,13.892941355705261,0.14166666666666666,0.76,0.13333333333333333,0.15
 9300,13.74956995010376,0.1,0.77,0.1,0.1
 9400,14.155159406661987,0.10833333333333334,0.81,0.11666666666666667,0.1
 9500,14.959004759788513,0.13333333333333333,0.78,0.11666666666666667,0.15
 9600,15.114641127586365,0.1,0.79,0.1,0.1
 9700,13.751068868637084,0.1,0.78,0.1,0.1
 9800,14.36401334285736,0.10833333333333334,0.8,0.11666666666666667,0.1
 9900,13.471081488132477,0.1,0.78,0.1,0.1
 10000,14.917303462028503,0.10833333333333334,0.8,0.11666666666666667,0.1
 10100,13.109023597240448,0.03333333333333333,0.81,0.06666666666666667,0.0
 10200,13.14988630771637,0.07500000000000001,0.78,0.1,0.05
 10300,12.930133137702942,0.1,0.79,0.1,0.1
 10400,14.221609716415406,0.10833333333333334,0.77,0.11666666666666667,0.1
 10500,13.688815126419067,0.06666666666666668,0.78,0.08333333333333334,0.05
 10600,13.948742989301682,0.14166666666666666,0.77,0.13333333333333333,0.15
 10700,14.376547503471375,0.1,0.78,0.1,0.1
 10800,14.146893887519836,0.09166666666666667,0.77,0.08333333333333334,0.1
 10900,13.128991348743439,0.1,0.73,0.1,0.1
 11000,14.182818131446838,0.05,0.8500000000000001,0.05,0.05
 11100,13.428716058731078,0.1,0.79,0.1,0.1
 11200,13.986419949531555,0.1,0.76,0.1,0.1
 11300,13.944999787807465,0.05,0.77,0.05,0.05
 11400,13.7462086725235,0.1,0.79,0.1,0.1
 11500,14.63346408367157,0.10833333333333334,0.77,0.11666666666666667,0.1
 11600,13.81903960943222,0.14166666666666666,0.78,0.13333333333333333,0.15
 11700,14.445855956077576,0.13333333333333333,0.77,0.11666666666666667,0.15
 11800,13.614403657913208,0.1,0.8,0.1,0.1
 11900,13.382403638362884,0.1,0.79,0.1,0.1
 12000,13.67117789030075,0.13333333333333333,0.78,0.11666666666666667,0.15
 12100,13.752240793704987,0.1,0.75,0.1,0.1
 12200,13.85383050918579,0.1,0.8200000000000001,0.1,0.1
 12300,14.14190973520279,0.14166666666666666,0.77,0.13333333333333333,0.15
 12400,13.47467975139618,0.10833333333333334,0.77,0.11666666666666667,0.1
 12500,14.220561776161194,0.14166666666666666,0.75,0.13333333333333333,0.15
 12600,13.559529321193695,0.11666666666666667,0.79,0.08333333333333334,0.15
 12700,13.302893688678742,0.10833333333333334,0.78,0.11666666666666667,0.1
 12800,13.33449904680252,0.09166666666666667,0.78,0.08333333333333334,0.1
 12900,13.91086490869522,0.09166666666666667,0.78,0.08333333333333334,0.1
 13000,13.747333691120147,0.1,0.8,0.1,0.1
 13100,12.79817862510681,0.09166666666666667,0.78,0.08333333333333334,0.1
 13200,13.913276863098144,0.1,0.79,0.1,0.1
 13300,13.246493029594422,0.125,0.78,0.1,0.15
 13400,13.755820519924164,0.09166666666666667,0.8,0.08333333333333334,0.1
 13500,13.445800547599793,0.125,0.75,0.1,0.15
 13600,13.336054329872132,0.09166666666666667,0.79,0.08333333333333334,0.1
 13700,12.588717036247253,0.11666666666666667,0.77,0.08333333333333334,0.15
 13800,13.230461142063142,0.06666666666666668,0.78,0.08333333333333334,0.05
 13900,13.448487074375153,0.13333333333333333,0.78,0.11666666666666667,0.15
 14000,12.580067625045777,0.1,0.77,0.1,0.1
 14100,13.751144933700562,0.1,0.78,0.1,0.1
 14200,13.776909556388855,0.058333333333333334,0.76,0.06666666666666667,0.05
 14300,13.13090716123581,0.06666666666666668,0.75,0.08333333333333334,0.05
 14400,13.335034356117248,0.05,0.78,0.05,0.05
 14500,13.830344748497009,0.1,0.79,0.1,0.1
 14600,13.72510570526123,0.1,0.79,0.1,0.1
 14700,14.11103563785553,0.09166666666666667,0.81,0.08333333333333334,0.1
 14800,12.994629080295562,0.05,0.79,0.05,0.05
 14900,13.722958145141602,0.016666666666666666,0.79,0.03333333333333333,0.0
 15000,13.441369848251343,0.04166666666666667,0.78,0.03333333333333333,0.05
 15100,14.145883343219758,0.058333333333333334,0.78,0.06666666666666667,0.05
 15200,13.123084461688995,0.058333333333333334,0.78,0.06666666666666667,0.05
 15300,14.110919222831726,0.05,0.79,0.05,0.05
 15400,12.53285873889923,0.058333333333333334,0.8,0.06666666666666667,0.05
 15500,13.822463192939757,0.058333333333333334,0.8,0.06666666666666667,0.05
 15600,13.521789345741272,0.058333333333333334,0.79,0.06666666666666667,0.05
 15700,13.787000744342803,0.06666666666666668,0.77,0.08333333333333334,0.05
 15800,13.465415859222412,0.05,0.81,0.05,0.05
 15900,12.74725975751877,0.05,0.79,0.05,0.05
 16000,12.217752621173858,0.058333333333333334,0.78,0.06666666666666667,0.05
 16100,13.915302761793136,0.058333333333333334,0.81,0.06666666666666667,0.05
 16200,13.186449022293091,0.07500000000000001,0.77,0.1,0.05
 16300,13.329863629341126,0.058333333333333334,0.78,0.06666666666666667,0.05
 16400,13.366948056221009,0.058333333333333334,0.76,0.06666666666666667,0.05
 16500,13.786827931404114,0.058333333333333334,0.79,0.06666666666666667,0.05
 16600,14.130174622535705,0.08333333333333334,0.78,0.06666666666666667,0.1
 16700,14.196368675231934,0.06666666666666668,0.79,0.08333333333333334,0.05
 16800,13.442993607521057,0.09166666666666667,0.8,0.08333333333333334,0.1
 16900,13.19084673523903,0.05,0.79,0.05,0.05
 17000,13.751078782081605,0.05,0.78,0.05,0.05
 17100,13.941446032524109,0.09166666666666667,0.79,0.08333333333333334,0.1
 17200,14.400643310546876,0.1,0.78,0.1,0.1
 17300,14.092504386901856,0.09166666666666667,0.79,0.08333333333333334,0.1
 17400,13.81767084121704,0.09166666666666667,0.78,0.08333333333333334,0.1
 17500,13.976351733207702,0.06666666666666668,0.78,0.08333333333333334,0.05
 17600,13.217688102722168,0.06666666666666668,0.78,0.08333333333333334,0.05
 17700,13.905840072631836,0.058333333333333334,0.8,0.06666666666666667,0.05
 17800,13.857362582683564,0.05,0.8,0.05,0.05
 17900,13.58100269317627,0.08333333333333334,0.77,0.06666666666666667,0.1
 18000,13.550677032470704,0.058333333333333334,0.78,0.06666666666666667,0.05
 18100,15.05774968624115,0.06666666666666668,0.78,0.08333333333333334,0.05
 18200,13.39807945728302,0.05,0.8,0.05,0.05
 18300,12.2293071269989,0.058333333333333334,0.77,0.06666666666666667,0.05
 18400,13.477711386680603,0.058333333333333334,0.78,0.06666666666666667,0.05
 18500,13.578753128051758,0.07500000000000001,0.77,0.1,0.05
 18600,13.148678897619247,0.06666666666666668,0.79,0.08333333333333334,0.05
 18700,13.40550271987915,0.1,0.78,0.1,0.1
 18800,13.50547758102417,0.06666666666666668,0.79,0.08333333333333334,0.05
 18900,13.207999267578124,0.058333333333333334,0.78,0.06666666666666667,0.05
 19000,13.985234651565552,0.07500000000000001,0.76,0.1,0.05
 19100,13.479669892787934,0.058333333333333334,0.79,0.06666666666666667,0.05
 19200,12.626067504882812,0.058333333333333334,0.79,0.06666666666666667,0.05
 19300,14.103373548984528,0.058333333333333334,0.79,0.06666666666666667,0.05
 19400,12.881315937042237,0.058333333333333334,0.77,0.06666666666666667,0.05
 19500,13.941999049186707,0.09166666666666667,0.79,0.08333333333333334,0.1
 19600,13.492163136005402,0.058333333333333334,0.78,0.06666666666666667,0.05
 19700,13.15519917011261,0.06666666666666668,0.77,0.08333333333333334,0.05
 19800,13.43598066329956,0.06666666666666668,0.76,0.08333333333333334,0.05
 19900,13.676392612457276,0.058333333333333334,0.79,0.06666666666666667,0.05
 20000,13.051821608543396,0.06666666666666668,0.78,0.08333333333333334,0.05
 20100,12.57031920671463,0.06666666666666668,0.78,0.08333333333333334,0.05
 20200,12.955582785606385,0.06666666666666668,0.77,0.08333333333333334,0.05
 20300,13.402842874526977,0.058333333333333334,0.79,0.06666666666666667,0.05
 20400,13.301121768951417,0.058333333333333334,0.8,0.06666666666666667,0.05
 20500,13.288546936511993,0.058333333333333334,0.78,0.06666666666666667,0.05
 20600,13.315543670654296,0.058333333333333334,0.78,0.06666666666666667,0.05
 20700,14.316082167625428,0.058333333333333334,0.79,0.06666666666666667,0.05
 20800,14.095860459804534,0.058333333333333334,0.79,0.06666666666666667,0.05
 20900,13.137813520431518,0.06666666666666668,0.78,0.08333333333333334,0.05
 21000,12.981590987443925,0.058333333333333334,0.78,0.06666666666666667,0.05
 21100,13.300796518325805,0.058333333333333334,0.79,0.06666666666666667,0.05
 21200,14.07132961988449,0.06666666666666668,0.77,0.08333333333333334,0.05
 21300,13.615309891700745,0.058333333333333334,0.78,0.06666666666666667,0.05
 21400,13.997120757102966,0.058333333333333334,0.79,0.06666666666666667,0.05
 21500,13.458214180469513,0.09166666666666667,0.78,0.08333333333333334,0.1
 21600,13.474805407524109,0.06666666666666668,0.78,0.08333333333333334,0.05
 21700,13.116405153274536,0.058333333333333334,0.78,0.06666666666666667,0.05
 21800,13.507377638816834,0.058333333333333334,0.78,0.06666666666666667,0.05
 21900,12.984725275039672,0.058333333333333334,0.77,0.06666666666666667,0.05
 22000,14.115466861724853,0.058333333333333334,0.77,0.06666666666666667,0.05
 22100,13.32005576133728,0.058333333333333334,0.78,0.06666666666666667,0.05
 22200,13.45356882095337,0.06666666666666668,0.78,0.08333333333333334,0.05
 22300,12.178549029827117,0.058333333333333334,0.79,0.06666666666666667,0.05
 22400,13.290222139358521,0.06666666666666668,0.78,0.08333333333333334,0.05
 22500,13.139218220710754,0.058333333333333334,0.79,0.06666666666666667,0.05
 22600,13.436531412601472,0.058333333333333334,0.79,0.06666666666666667,0.05
 22700,13.402322628498077,0.058333333333333334,0.79,0.06666666666666667,0.05
 22800,13.310918262004853,0.058333333333333334,0.79,0.06666666666666667,0.05
 22900,13.140832662582397,0.06666666666666668,0.79,0.08333333333333334,0.05
 23000,12.500601665973663,0.06666666666666668,0.79,0.08333333333333334,0.05
 23100,13.097486653327941,0.06666666666666668,0.79,0.08333333333333334,0.05
 23200,13.410656871795654,0.058333333333333334,0.79,0.06666666666666667,0.05
 23300,13.75600194454193,0.06666666666666668,0.78,0.08333333333333334,0.05
 23400,12.404805414676666,0.058333333333333334,0.79,0.06666666666666667,0.05
 23500,12.740138854980469,0.058333333333333334,0.79,0.06666666666666667,0.05
 23600,12.504814741611481,0.058333333333333334,0.78,0.06666666666666667,0.05
 23700,13.363628029823303,0.058333333333333334,0.78,0.06666666666666667,0.05
 23800,13.603928253650665,0.058333333333333334,0.79,0.06666666666666667,0.05
 23900,13.90772349357605,0.058333333333333334,0.78,0.06666666666666667,0.05
 24000,12.977732136249543,0.058333333333333334,0.79,0.06666666666666667,0.05
 24100,14.045498361587525,0.058333333333333334,0.79,0.06666666666666667,0.05
 24200,14.62929944038391,0.06666666666666668,0.77,0.08333333333333334,0.05
 24300,13.700945181846619,0.06666666666666668,0.78,0.08333333333333334,0.05
 24400,12.750544532537461,0.058333333333333334,0.78,0.06666666666666667,0.05
 24500,12.342634015083313,0.06666666666666668,0.78,0.08333333333333334,0.05
 24600,13.04777515411377,0.058333333333333334,0.79,0.06666666666666667,0.05
 24700,13.18122321844101,0.058333333333333334,0.79,0.06666666666666667,0.05
 24800,12.89869546175003,0.058333333333333334,0.78,0.06666666666666667,0.05
 24900,13.005311808586121,0.058333333333333334,0.78,0.06666666666666667,0.05
 25000,13.243508906364442,0.058333333333333334,0.78,0.06666666666666667,0.05
 25100,12.62646649122238,0.058333333333333334,0.78,0.06666666666666667,0.05
 25200,14.136382563114166,0.058333333333333334,0.78,0.06666666666666667,0.05
 25300,13.026844401359558,0.058333333333333334,0.78,0.06666666666666667,0.05
 25400,14.907097561359405,0.058333333333333334,0.78,0.06666666666666667,0.05
 25500,12.921627857685088,0.058333333333333334,0.78,0.06666666666666667,0.05
 25600,12.70264799594879,0.058333333333333334,0.78,0.06666666666666667,0.05
 25700,13.669784648418426,0.058333333333333334,0.78,0.06666666666666667,0.05
 25800,14.064864616394043,0.058333333333333334,0.79,0.06666666666666667,0.05
 25900,12.589839477539062,0.058333333333333334,0.79,0.06666666666666667,0.05
 26000,14.039413571357727,0.058333333333333334,0.79,0.06666666666666667,0.05
 26100,12.536208794116973,0.058333333333333334,0.79,0.06666666666666667,0.05
 26200,13.456442794799806,0.058333333333333334,0.79,0.06666666666666667,0.05
 26300,13.588104972839355,0.058333333333333334,0.79,0.06666666666666667,0.05
 26400,12.302848100662231,0.058333333333333334,0.79,0.06666666666666667,0.05
 26500,12.810579533576965,0.058333333333333334,0.79,0.06666666666666667,0.05
 26600,12.835488283634186,0.06666666666666668,0.78,0.08333333333333334,0.05
 26700,13.057828056812287,0.06666666666666668,0.78,0.08333333333333334,0.05
 26800,13.005034818649293,0.058333333333333334,0.78,0.06666666666666667,0.05
 26900,12.4627676486969,0.058333333333333334,0.78,0.06666666666666667,0.05
 27000,13.491273684501648,0.058333333333333334,0.78,0.06666666666666667,0.05
 27100,13.7491268324852,0.058333333333333334,0.78,0.06666666666666667,0.05
 27200,13.038786787986755,0.058333333333333334,0.78,0.06666666666666667,0.05
 27300,13.300273351669311,0.058333333333333334,0.78,0.06666666666666667,0.05
 27400,13.182327316999435,0.058333333333333334,0.78,0.06666666666666667,0.05
 27500,12.940841190814972,0.058333333333333334,0.78,0.06666666666666667,0.05
 27600,12.524045560359955,0.058333333333333334,0.78,0.06666666666666667,0.05
 27700,12.744364440441132,0.058333333333333334,0.78,0.06666666666666667,0.05
 27800,12.059045810699462,0.058333333333333334,0.78,0.06666666666666667,0.05
 27900,12.670935559272767,0.058333333333333334,0.78,0.06666666666666667,0.05
 28000,14.316050815582276,0.058333333333333334,0.78,0.06666666666666667,0.05
 28100,14.824667761325836,0.058333333333333334,0.78,0.06666666666666667,0.05
 28200,13.187197756767272,0.058333333333333334,0.78,0.06666666666666667,0.05
 28300,13.695274162292481,0.058333333333333334,0.78,0.06666666666666667,0.05
 28400,13.479128890037536,0.058333333333333334,0.78,0.06666666666666667,0.05
 28500,13.331901247501373,0.058333333333333334,0.78,0.06666666666666667,0.05
 28600,14.08301875114441,0.058333333333333334,0.77,0.06666666666666667,0.05
 28700,12.615638098716737,0.058333333333333334,0.78,0.06666666666666667,0.05
 28800,13.188318531513215,0.058333333333333334,0.78,0.06666666666666667,0.05
 28900,13.75081220626831,0.058333333333333334,0.78,0.06666666666666667,0.05
 29000,12.89341092824936,0.058333333333333334,0.78,0.06666666666666667,0.05
 29100,13.768660230636597,0.058333333333333334,0.78,0.06666666666666667,0.05
 29200,12.283176634311676,0.058333333333333334,0.78,0.06666666666666667,0.05
 29300,12.428118467330933,0.058333333333333334,0.78,0.06666666666666667,0.05
 29400,12.988790311813354,0.058333333333333334,0.78,0.06666666666666667,0.05
 29500,13.014908237457275,0.058333333333333334,0.78,0.06666666666666667,0.05
 29600,13.753534545898438,0.058333333333333334,0.78,0.06666666666666667,0.05
 29700,12.959593214988708,0.058333333333333334,0.78,0.06666666666666667,0.05
 29800,14.023388192653655,0.058333333333333334,0.78,0.06666666666666667,0.05
 29900,13.764177856445313,0.058333333333333334,0.78,0.06666666666666667,0.05
 30000,13.200406053066253,0.058333333333333334,0.78,0.06666666666666667,0.05
 