100,377.76191772460936,0.3241666666666667,0.8499999999999999,0.32511904761904764,0.32321428571428573
200,359.9726382446289,0.2627083333333334,0.6142857142857142,0.26023809523809527,0.26517857142857143
300,348.10795135498046,0.3038988095238095,0.7842857142857144,0.30065476190476187,0.3071428571428571
400,343.9907214355469,0.2609821428571429,0.6328571428571428,0.2594642857142857,0.2625
500,331.7850164794922,0.2608630952380952,0.6757142857142856,0.2619047619047619,0.2598214285714286
600,329.04999298095703,0.24330357142857145,0.6,0.24285714285714285,0.24375
700,325.75202087402346,0.2341964285714286,0.6271428571428571,0.23357142857142854,0.2348214285714286
800,317.3254977416992,0.25991071428571433,0.5671428571428571,0.26357142857142857,0.25625
900,308.68348205566406,0.25863095238095235,0.6642857142857144,0.2583333333333333,0.25892857142857145
1000,311.7025473022461,0.23785714285714285,0.6271428571428572,0.23732142857142863,0.23839285714285713
1100,303.6201043701172,0.22562499999999996,0.5328571428571429,0.21374999999999997,0.2375
1200,298.91176635742187,0.2511607142857143,0.6042857142857143,0.2532142857142857,0.24910714285714283
1300,298.2760870361328,0.22678571428571428,0.5714285714285714,0.22321428571428573,0.23035714285714287
1400,294.27993087768556,0.2269047619047619,0.6271428571428572,0.22702380952380954,0.22678571428571428
1500,290.43590927124023,0.23568452380952382,0.6457142857142857,0.23386904761904762,0.2375
1600,287.55835876464846,0.24363095238095234,0.7528571428571429,0.24619047619047624,0.24107142857142858
1700,284.5127940368652,0.2651488095238096,0.6599999999999999,0.26690476190476187,0.26339285714285715
1800,280.31056472778323,0.23226190476190475,0.6142857142857141,0.23327380952380952,0.23124999999999998
1900,280.8599201965332,0.24139880952380954,0.67,0.24351190476190476,0.2392857142857143
2000,283.1109243774414,0.2157440476190476,0.66,0.21541666666666665,0.21607142857142853
2100,276.0851919555664,0.22068452380952383,0.5571428571428572,0.21815476190476193,0.22321428571428573
2200,272.0553639221191,0.22377976190476193,0.6657142857142857,0.22523809523809524,0.22232142857142861
2300,266.80811981201174,0.22508928571428571,0.7071428571428572,0.22517857142857142,0.225
2400,267.16376434326173,0.1931547619047619,0.5157142857142858,0.16934523809523808,0.2169642857142857
2500,267.88738845825196,0.22690476190476191,0.6685714285714285,0.2279166666666667,0.22589285714285715
2600,266.8560803222656,0.21610119047619047,0.6042857142857142,0.21880952380952381,0.21339285714285713
2700,264.5249378967285,0.21169642857142854,0.5700000000000001,0.21089285714285713,0.21249999999999997
2800,262.77548721313474,0.19898809523809521,0.5457142857142857,0.1988690476190476,0.19910714285714284
2900,264.84373779296874,0.21446428571428572,0.5657142857142857,0.21375000000000002,0.21517857142857144
3000,257.8628053283691,0.19863095238095235,0.5442857142857144,0.18476190476190477,0.21250000000000005
3100,255.74457244873048,0.22532738095238097,0.6971428571428572,0.2238690476190476,0.22678571428571428
3200,257.2871081542969,0.19583333333333336,0.5914285714285714,0.1943452380952381,0.1973214285714286
3300,252.26583709716797,0.22380952380952382,0.6042857142857143,0.21726190476190474,0.2303571428571429
3400,254.58826080322265,0.21446428571428575,0.6285714285714287,0.2092857142857143,0.21964285714285717
3500,250.33324813842773,0.20889880952380954,0.5942857142857143,0.20351190476190475,0.21428571428571427
3600,247.19529708862305,0.23589285714285715,0.6514285714285714,0.23875000000000002,0.2330357142857143
3700,242.81030014038086,0.18880952380952382,0.5771428571428573,0.18208333333333335,0.19553571428571428
3800,244.07921112060546,0.1888392857142857,0.5614285714285715,0.1794642857142857,0.1982142857142857
3900,246.56544708251954,0.18392857142857144,0.5128571428571428,0.15178571428571427,0.2160714285714286
4000,245.49215560913086,0.21892857142857142,0.6385714285714287,0.21374999999999997,0.22410714285714287
4100,247.12070205688477,0.20080357142857144,0.5871428571428572,0.19714285714285715,0.2044642857142857
4200,241.1869938659668,0.2109821428571428,0.6328571428571428,0.20946428571428571,0.2125
4300,241.81996307373046,0.1872619047619047,0.5242857142857142,0.17095238095238097,0.2035714285714286
4400,238.26735855102538,0.20836309523809524,0.5914285714285715,0.19351190476190472,0.22321428571428567
4500,237.4188980102539,0.2007738095238095,0.5714285714285714,0.1944047619047619,0.20714285714285716
4600,237.84787811279296,0.20910714285714288,0.5785714285714285,0.1976785714285714,0.22053571428571425
4700,238.40471435546874,0.18151785714285715,0.562857142857143,0.18000000000000002,0.18303571428571427
4800,237.64112365722656,0.18348214285714284,0.5528571428571428,0.1732142857142857,0.19375
4900,235.8981916809082,0.20407738095238095,0.5542857142857143,0.1911904761904762,0.2169642857142857
5000,233.72054061889648,0.17967261904761903,0.5271428571428572,0.1530952380952381,0.20625000000000002
5100,227.4213252258301,0.18562499999999998,0.5142857142857142,0.16410714285714284,0.20714285714285713
5200,223.7699496459961,0.18354166666666666,0.5014285714285714,0.1394047619047619,0.22767857142857142
5300,222.40895065307618,0.18520833333333336,0.5128571428571428,0.14273809523809525,0.22767857142857142
5400,220.60112869262696,0.17342261904761905,0.5114285714285715,0.1263095238095238,0.22053571428571428
5500,219.68361755371095,0.17752976190476194,0.5114285714285715,0.1318452380952381,0.22321428571428573
5600,221.95679672241212,0.17910714285714285,0.5114285714285715,0.14214285714285715,0.21607142857142855
5700,219.13167694091797,0.17357142857142857,0.5028571428571429,0.11857142857142858,0.2285714285714286
5800,217.07871002197265,0.18145833333333336,0.5071428571428571,0.12898809523809526,0.2339285714285714
5900,218.41695220947267,0.1756845238095238,0.5085714285714286,0.15047619047619046,0.20089285714285715
6000,224.3504103088379,0.17443452380952382,0.5128571428571428,0.14083333333333334,0.2080357142857143
6100,215.32586746215821,0.17226190476190475,0.51,0.14720238095238095,0.1973214285714286
6200,216.87692123413086,0.1743452380952381,0.51,0.12101190476190474,0.22767857142857142
6300,220.47206146240234,0.1756845238095238,0.5071428571428571,0.13976190476190475,0.21160714285714288
6400,214.59405502319336,0.17732142857142857,0.5085714285714286,0.13410714285714284,0.22053571428571425
6500,213.82948348999022,0.17416666666666666,0.5371428571428571,0.15458333333333332,0.19375
6600,212.1163429260254,0.18696428571428572,0.5085714285714286,0.14982142857142858,0.22410714285714287
6700,220.15747650146486,0.17282738095238095,0.5128571428571428,0.1456547619047619,0.19999999999999998
6800,214.62427322387694,0.17526785714285711,0.5199999999999999,0.15232142857142855,0.1982142857142857
6900,216.7374722290039,0.1906547619047619,0.5085714285714286,0.1330952380952381,0.24821428571428575
7000,214.1704931640625,0.1680357142857143,0.5071428571428571,0.1217857142857143,0.21428571428571425
7100,216.63515441894532,0.18556547619047617,0.5114285714285715,0.14702380952380953,0.22410714285714287
7200,212.97322952270508,0.18398809523809523,0.5057142857142857,0.10279761904761904,0.2651785714285714
7300,208.8712872314453,0.1780952380952381,0.5157142857142857,0.1294047619047619,0.22678571428571428
7400,216.87981216430663,0.17663690476190477,0.5114285714285715,0.10773809523809526,0.24553571428571427
7500,214.41744888305664,0.19080357142857143,0.51,0.1360714285714286,0.24553571428571427
7600,213.18633255004883,0.179375,0.5228571428571429,0.15785714285714286,0.20089285714285712
7700,206.80439407348632,0.17848214285714284,0.5028571428571429,0.08017857142857143,0.27678571428571425
7800,215.25044845581056,0.18017857142857144,0.5128571428571428,0.105,0.2553571428571428
7900,210.93199432373046,0.16568452380952384,0.5128571428571428,0.1251190476190476,0.20625000000000002
8000,213.9327699279785,0.17824404761904764,0.5128571428571428,0.12791666666666665,0.22857142857142856
8100,211.10585311889648,0.1848809523809524,0.5371428571428571,0.17690476190476193,0.19285714285714287
8200,209.39855239868163,0.1850297619047619,0.5142857142857143,0.15398809523809523,0.21607142857142855
8300,210.2232353210449,0.17842261904761905,0.5214285714285715,0.15952380952380954,0.19732142857142856
8400,211.89249099731444,0.17026785714285714,0.5042857142857143,0.13339285714285715,0.20714285714285716
8500,212.61162063598633,0.18145833333333336,0.5157142857142857,0.1450595238095238,0.2178571428571429
8600,211.79521102905272,0.1905059523809524,0.5057142857142857,0.08726190476190476,0.29375000000000007
8700,208.99492782592773,0.1762202380952381,0.5114285714285715,0.10333333333333332,0.24910714285714283
8800,206.82863494873047,0.16970238095238097,0.5228571428571429,0.1456547619047619,0.19375
8900,215.40354095458986,0.17148809523809525,0.5142857142857143,0.13583333333333333,0.20714285714285713
9000,209.15548446655274,0.1763095238095238,0.5042857142857143,0.11779761904761903,0.23482142857142857
9100,213.4728352355957,0.18160714285714283,0.5085714285714286,0.11321428571428571,0.25000000000000006
9200,209.47484451293946,0.1799702380952381,0.51,0.12422619047619048,0.2357142857142857
9300,207.92265838623047,0.1827083333333333,0.5071428571428571,0.09577380952380952,0.2696428571428572
9400,211.5366369628906,0.1848214285714286,0.5157142857142858,0.15178571428571427,0.21785714285714283
9500,206.37911560058595,0.18619047619047618,0.5,0.09291666666666666,0.2794642857142857
9600,208.32368515014647,0.1742261904761905,0.5057142857142857,0.09398809523809525,0.2544642857142857
9700,208.77134460449219,0.17119047619047617,0.5142857142857142,0.12005952380952381,0.22232142857142856
9800,207.76317504882812,0.1777083333333333,0.5128571428571428,0.13130952380952382,0.22410714285714284
9900,205.4256478881836,0.19339285714285714,0.5328571428571429,0.17160714285714287,0.21517857142857144
10000,203.91979614257812,0.18970238095238096,0.5,0.0731547619047619,0.30624999999999997
10100,201.71299575805665,0.17720238095238092,0.5028571428571429,0.0874404761904762,0.2669642857142857
10200,202.45649948120118,0.17928571428571427,0.5071428571428571,0.10857142857142857,0.25
10300,200.9433757019043,0.17863095238095236,0.5071428571428571,0.09833333333333331,0.25892857142857145
10400,202.04061325073243,0.16997023809523812,0.5057142857142857,0.09886904761904762,0.24107142857142858
10500,203.95398315429688,0.1743452380952381,0.5071428571428571,0.10404761904761906,0.24464285714285716
10600,197.84316665649413,0.1814583333333333,0.5,0.08791666666666666,0.275
10700,204.06097839355468,0.17627976190476194,0.5014285714285714,0.08916666666666669,0.26339285714285715
10800,203.6207662963867,0.17574404761904763,0.5042857142857143,0.08630952380952381,0.26517857142857143
10900,197.2585971069336,0.17523809523809525,0.5014285714285714,0.09511904761904763,0.2553571428571429
11000,202.3007667541504,0.17672619047619048,0.5,0.09363095238095238,0.2598214285714286
11100,194.98201782226562,0.17380952380952383,0.5,0.09226190476190475,0.2553571428571429
11200,196.92776947021486,0.17303571428571426,0.5014285714285714,0.09160714285714287,0.2544642857142857
11300,201.30595291137695,0.17214285714285715,0.5028571428571429,0.07732142857142858,0.2669642857142857
11400,201.5447863769531,0.1687797619047619,0.51,0.12773809523809526,0.20982142857142858
11500,198.04114654541016,0.17675595238095237,0.5057142857142857,0.09636904761904763,0.2571428571428572
11600,199.34695541381836,0.17556547619047616,0.5014285714285714,0.08773809523809525,0.2633928571428571
11700,200.49377807617188,0.18520833333333334,0.5071428571428571,0.11327380952380951,0.2571428571428572
11800,197.75546905517578,0.17464285714285716,0.5028571428571429,0.0992857142857143,0.25
11900,200.2841519165039,0.1823511904761905,0.5042857142857143,0.08702380952380952,0.2776785714285714
12000,198.96019775390624,0.17901785714285712,0.5071428571428571,0.09107142857142858,0.2669642857142857
12100,195.44857971191405,0.1811904761904762,0.5,0.08023809523809525,0.28214285714285714
12200,202.77794784545898,0.18473214285714287,0.5,0.07482142857142857,0.29464285714285715
12300,199.87245071411132,0.173125,0.51,0.12392857142857142,0.2223214285714286
12400,194.41880920410156,0.17217261904761902,0.5,0.07648809523809523,0.26785714285714285
12500,193.88039520263672,0.1749702380952381,0.5,0.09547619047619046,0.2544642857142857
12600,198.18278259277344,0.17824404761904764,0.5,0.07613095238095238,0.28035714285714286
12700,200.42200424194337,0.1687797619047619,0.5057142857142857,0.10184523809523809,0.2357142857142857
12800,199.3516423034668,0.1870238095238095,0.5,0.08208333333333333,0.2919642857142857
12900,195.00287246704102,0.17377976190476188,0.5085714285714286,0.1243452380952381,0.22321428571428573
13000,195.47135864257814,0.1823809523809524,0.5,0.07279761904761906,0.2919642857142857
13100,198.69837142944337,0.19098214285714285,0.5,0.06410714285714286,0.3178571428571429
13200,195.64038803100587,0.18300595238095235,0.5028571428571429,0.0749404761904762,0.2910714285714286
13300,197.03883514404296,0.18434523809523812,0.5028571428571429,0.08119047619047619,0.28750000000000003
13400,196.71672805786133,0.1850595238095238,0.5042857142857143,0.1111904761904762,0.25892857142857145
13500,198.12211563110353,0.17889880952380954,0.5028571428571429,0.08547619047619048,0.27232142857142855
13600,194.74316925048828,0.17425595238095237,0.5057142857142857,0.09315476190476189,0.2553571428571429
13700,197.1666374206543,0.1743452380952381,0.5028571428571429,0.08440476190476189,0.2642857142857143
13800,198.65039825439453,0.1838690476190476,0.5,0.07220238095238096,0.2955357142857143
13900,194.85465667724608,0.18375000000000002,0.5014285714285714,0.08357142857142856,0.2839285714285714
14000,196.74413497924806,0.18889880952380952,0.5,0.05904761904761905,0.31875
14100,197.01045303344728,0.18142857142857144,0.5057142857142857,0.10392857142857141,0.25892857142857145
14200,196.16448898315429,0.1754166666666667,0.5014285714285714,0.08476190476190475,0.26607142857142857
14300,195.34280593872072,0.17747023809523807,0.5028571428571429,0.07994047619047619,0.27499999999999997
14400,199.8534927368164,0.1780357142857143,0.5,0.07392857142857144,0.28214285714285714
14500,197.09603790283202,0.18229166666666669,0.5,0.06904761904761905,0.29553571428571423
14600,196.22992721557617,0.17327380952380952,0.5028571428571429,0.09476190476190476,0.25178571428571433
14700,195.37258758544922,0.18541666666666665,0.5,0.06458333333333333,0.30624999999999997
14800,195.1708464050293,0.18267857142857144,0.5057142857142857,0.08499999999999999,0.28035714285714286
14900,196.61769927978514,0.1827083333333333,0.5,0.08327380952380954,0.28214285714285714
15000,195.67909591674805,0.18273809523809523,0.5057142857142857,0.09226190476190475,0.27321428571428574
15100,193.01741348266603,0.18130952380952384,0.5,0.06797619047619048,0.29464285714285715
15200,193.0371351623535,0.18303571428571427,0.5014285714285714,0.08214285714285714,0.2839285714285714
15300,192.83587226867675,0.18267857142857144,0.5,0.07428571428571429,0.29107142857142854
15400,193.41140991210938,0.17699404761904763,0.5,0.0718452380952381,0.28214285714285714
15500,192.87870071411132,0.18190476190476193,0.5,0.0718452380952381,0.29196428571428573
15600,190.7616944885254,0.18229166666666666,0.5,0.07083333333333333,0.29375
15700,191.72451026916505,0.18541666666666665,0.5,0.06994047619047619,0.30089285714285713
15800,191.43237777709962,0.18357142857142858,0.5,0.061785714285714284,0.3053571428571428
15900,193.3492938232422,0.17639880952380954,0.5014285714285714,0.07958333333333333,0.27321428571428574
16000,192.9679541015625,0.18190476190476187,0.5,0.07005952380952381,0.29375
16100,189.83978927612304,0.181875,0.5,0.06642857142857143,0.29732142857142857
16200,192.2575682067871,0.1757142857142857,0.5,0.06660714285714285,0.2848214285714286
16300,190.5398439025879,0.1769642857142857,0.5,0.0655357142857143,0.2883928571428571
16400,191.62442977905275,0.18413690476190478,0.5,0.06113095238095238,0.3071428571428571
16500,191.855867767334,0.17345238095238094,0.5028571428571429,0.07101190476190476,0.2758928571428571
16600,192.0804801940918,0.18401785714285715,0.5,0.06982142857142858,0.2982142857142857
16700,193.36507484436035,0.17979166666666663,0.5,0.08369047619047619,0.2758928571428571
16800,188.5934735107422,0.18544642857142857,0.5,0.0655357142857143,0.3053571428571428
16900,194.55408142089843,0.17961309523809524,0.5028571428571429,0.08065476190476191,0.2785714285714286
17000,189.42471969604492,0.18416666666666667,0.5,0.05761904761904762,0.31071428571428567
17100,191.70230255126953,0.18273809523809526,0.5,0.06726190476190477,0.2982142857142857
17200,189.71724960327148,0.1807142857142857,0.5014285714285714,0.07125,0.29017857142857134
17300,190.03116989135742,0.1786309523809524,0.5,0.07333333333333335,0.2839285714285714
17400,187.53313552856446,0.18666666666666668,0.5014285714285714,0.0769047619047619,0.29642857142857143
17500,191.46447723388673,0.17717261904761905,0.5,0.0730952380952381,0.28125
17600,189.63228958129883,0.18874999999999997,0.5,0.07392857142857144,0.30357142857142855
17700,192.66132217407227,0.17809523809523808,0.5,0.06422619047619048,0.29196428571428573
17800,191.55949768066407,0.1866071428571429,0.5,0.0642857142857143,0.30892857142857144
17900,192.9194743347168,0.18014880952380954,0.5,0.0736904761904762,0.2866071428571429
18000,189.16710739135743,0.18532738095238097,0.5014285714285714,0.07779761904761905,0.2928571428571428
18100,186.751827545166,0.1855357142857143,0.5,0.061250000000000006,0.3098214285714286
18200,194.90389923095702,0.1847916666666667,0.5,0.06601190476190476,0.30357142857142855
18300,186.3834327697754,0.17651785714285714,0.5,0.08160714285714285,0.2714285714285714
18400,186.99478744506837,0.18127976190476192,0.5,0.06613095238095239,0.29642857142857143
18500,189.4594982147217,0.18717261904761906,0.5,0.08148809523809522,0.2928571428571428
18600,189.36273696899414,0.18806547619047617,0.5,0.057380952380952366,0.31875000000000003
18700,193.10667922973633,0.1906845238095238,0.5,0.06886904761904762,0.3125
18800,190.22407775878906,0.18312499999999998,0.5,0.06982142857142858,0.2964285714285714
18900,184.0017010498047,0.18267857142857144,0.5,0.056428571428571425,0.30892857142857144
19000,190.95224533081054,0.17461309523809526,0.5,0.0724404761904762,0.27678571428571425
19100,191.22344787597658,0.18449404761904767,0.5,0.06898809523809524,0.3
19200,190.54242218017578,0.1736309523809524,0.5,0.06601190476190476,0.28125
19300,190.65909591674804,0.18482142857142855,0.5,0.07410714285714286,0.29553571428571423
