100,46.785912628173826,0.2791666666666667,0.81,0.2833333333333333,0.275
200,43.72520244598389,0.22083333333333333,0.9,0.21666666666666665,0.225
300,41.95827789306641,0.19166666666666665,0.9299999999999999,0.18333333333333332,0.2
400,39.853578662872316,0.15,0.73,0.15,0.15
500,40.07948122024536,0.14583333333333331,0.78,0.14166666666666666,0.15
600,36.930745429992676,0.10416666666666666,0.77,0.10833333333333332,0.1
700,37.94980585098266,0.11666666666666667,0.79,0.10833333333333332,0.125
800,36.26970731735229,0.15416666666666667,0.8500000000000001,0.13333333333333333,0.175
900,37.030413703918455,0.15833333333333333,0.86,0.16666666666666669,0.15
1000,36.730860757827756,0.125,0.76,0.125,0.125
1100,34.4400541305542,0.09583333333333333,0.8,0.09166666666666666,0.1
1200,34.519185829162595,0.1375,0.8,0.15,0.125
1300,33.88108098983765,0.21666666666666667,0.78,0.20833333333333334,0.225
1400,32.62508333206177,0.125,0.67,0.125,0.125
1500,34.04640058517456,0.1375,0.63,0.15,0.125
1600,31.576621990203858,0.12083333333333333,0.75,0.11666666666666667,0.125
1700,30.873549757003783,0.14166666666666666,0.66,0.13333333333333333,0.15
1800,30.24070284843445,0.07916666666666666,0.76,0.08333333333333334,0.075
1900,29.65541879653931,0.2,0.79,0.2,0.2
2000,32.975500946044924,0.1,0.6799999999999999,0.1,0.1
2100,30.765286769866943,0.13333333333333333,0.72,0.14166666666666666,0.125
2200,30.046067943572996,0.075,0.66,0.075,0.075
2300,30.220330047607423,0.14166666666666666,0.78,0.13333333333333333,0.15
2400,29.673340835571288,0.125,0.71,0.125,0.125
2500,27.708987951278687,0.15416666666666667,0.67,0.15833333333333333,0.15
2600,26.930545558929442,0.125,0.71,0.125,0.125
2700,27.799611072540284,0.1125,0.64,0.125,0.1
2800,26.29508007526398,0.09166666666666666,0.61,0.10833333333333332,0.075
2900,26.050020542144775,0.10416666666666666,0.6,0.10833333333333332,0.1
3000,26.75981780052185,0.12083333333333333,0.6,0.11666666666666667,0.125
3100,24.95379117012024,0.10833333333333334,0.66,0.11666666666666667,0.1
3200,25.502844905853273,0.075,0.62,0.075,0.075
3300,25.887662630081177,0.15,0.61,0.15,0.15
3400,26.5616153717041,0.10833333333333334,0.7,0.11666666666666667,0.1
3500,26.02371977806091,0.075,0.6,0.075,0.075
3600,26.678260040283202,0.15,0.63,0.15,0.15
3700,26.673111753463743,0.17083333333333334,0.61,0.16666666666666669,0.175
3800,24.873364162445068,0.125,0.56,0.125,0.125
3900,23.898065271377565,0.10416666666666666,0.72,0.10833333333333332,0.1
4000,26.538331451416017,0.08333333333333333,0.73,0.09166666666666666,0.075
4100,23.838143320083617,0.075,0.74,0.075,0.075
4200,25.33339214324951,0.125,0.6,0.125,0.125
4300,24.032927560806275,0.075,0.74,0.075,0.075
4400,23.06189015865326,0.10833333333333334,0.67,0.11666666666666667,0.1
4500,24.88695791244507,0.15,0.67,0.15,0.15
4600,24.98402250289917,0.10416666666666666,0.66,0.10833333333333332,0.1
4700,23.912849473953248,0.12083333333333333,0.63,0.11666666666666667,0.125
4800,24.31244785785675,0.15,0.56,0.15,0.15
4900,24.94181924819946,0.10416666666666666,0.62,0.10833333333333332,0.1
5000,26.07342935562134,0.12083333333333333,0.55,0.11666666666666667,0.125
5100,22.42444909095764,0.10416666666666666,0.66,0.10833333333333332,0.1
5200,24.783014860153198,0.125,0.74,0.125,0.125
5300,23.326366353034974,0.12083333333333333,0.53,0.11666666666666667,0.125
5400,23.71505742788315,0.09583333333333333,0.6,0.09166666666666666,0.1
5500,22.952128868103028,0.1,0.6,0.1,0.1
5600,24.74524748802185,0.09583333333333333,0.5700000000000001,0.09166666666666666,0.1
5700,23.042124147415162,0.08333333333333333,0.61,0.09166666666666666,0.075
5800,22.19271824836731,0.09583333333333333,0.67,0.09166666666666666,0.1
5900,23.19753819465637,0.125,0.66,0.125,0.125
6000,22.388001050949097,0.09583333333333333,0.61,0.09166666666666666,0.1
6100,23.495671138763427,0.125,0.53,0.125,0.125
6200,24.048298485279084,0.12083333333333333,0.65,0.11666666666666667,0.125
6300,22.19630201816559,0.075,0.62,0.075,0.075
6400,23.311164727210997,0.0625,0.5700000000000001,0.075,0.05
6500,23.39432297706604,0.12083333333333333,0.55,0.11666666666666667,0.125
6600,20.83880647420883,0.1,0.66,0.1,0.1
6700,22.931394739151003,0.10416666666666666,0.59,0.10833333333333332,0.1
6800,23.39888964653015,0.09166666666666667,0.55,0.08333333333333334,0.1
6900,22.544293808937073,0.07916666666666666,0.64,0.08333333333333334,0.075
7000,23.5019229888916,0.058333333333333334,0.63,0.06666666666666667,0.05
7100,21.071387042999266,0.07083333333333333,0.58,0.06666666666666667,0.075
7200,23.636558561325074,0.12083333333333333,0.61,0.11666666666666667,0.125
7300,23.009467430114746,0.125,0.6,0.125,0.125
7400,23.06420439720154,0.09166666666666667,0.62,0.08333333333333334,0.1
7500,22.09344160079956,0.0875,0.65,0.075,0.1
7600,21.834217987060548,0.1,0.6,0.1,0.1
7700,21.241638870239257,0.07083333333333333,0.61,0.06666666666666667,0.075
7800,22.868329701423644,0.10416666666666666,0.61,0.10833333333333332,0.1
7900,21.317003264427186,0.10416666666666666,0.58,0.10833333333333332,0.1
8000,22.040784816741944,0.05,0.62,0.05,0.05
8100,21.937751531600952,0.075,0.63,0.075,0.075
8200,22.441414093971254,0.125,0.55,0.125,0.125
8300,21.54263347148895,0.08333333333333333,0.6,0.09166666666666666,0.075
8400,21.440685691833497,0.12916666666666665,0.58,0.13333333333333333,0.125
8500,21.387289299964905,0.058333333333333334,0.6,0.06666666666666667,0.05
8600,21.16119863986969,0.10833333333333334,0.5700000000000001,0.11666666666666667,0.1
8700,20.483259692192078,0.10416666666666666,0.64,0.10833333333333332,0.1
8800,22.106953172683717,0.09166666666666667,0.64,0.08333333333333334,0.1
8900,22.311803855895995,0.08333333333333333,0.61,0.09166666666666666,0.075
9000,19.9318452501297,0.07083333333333333,0.63,0.06666666666666667,0.075
9100,22.60849196910858,0.0875,0.6,0.1,0.075
9200,21.513565754890443,0.075,0.6,0.075,0.075
9300,21.80807093143463,0.07916666666666666,0.59,0.08333333333333334,0.075
9400,21.456737899780272,0.09583333333333333,0.58,0.09166666666666666,0.1
9500,21.968115878105163,0.10416666666666666,0.61,0.10833333333333332,0.1
9600,21.83864693880081,0.09583333333333333,0.53,0.09166666666666666,0.1
9700,22.972441132068635,0.07916666666666666,0.63,0.08333333333333334,0.075
9800,22.378699283599854,0.10416666666666666,0.5700000000000001,0.10833333333333332,0.1
9900,21.004044513702393,0.16666666666666666,0.5700000000000001,0.15833333333333333,0.175
10000,21.51702000141144,0.07083333333333333,0.66,0.06666666666666667,0.075
10100,21.306621541976927,0.09166666666666667,0.59,0.08333333333333334,0.1
10200,21.019399104118346,0.0875,0.55,0.1,0.075
10300,22.61012258052826,0.12916666666666665,0.5700000000000001,0.13333333333333333,0.125
10400,19.85048411846161,0.075,0.58,0.075,0.075
10500,21.062202076911927,0.125,0.56,0.125,0.125
10600,20.510311431884766,0.075,0.62,0.075,0.075
10700,21.989158906936645,0.10416666666666666,0.56,0.10833333333333332,0.1
10800,21.384326524734497,0.07083333333333333,0.61,0.06666666666666667,0.075
10900,21.25242032289505,0.125,0.58,0.125,0.125
11000,21.454122757911684,0.07916666666666666,0.58,0.08333333333333334,0.075
11100,20.177052297592162,0.10833333333333334,0.56,0.11666666666666667,0.1
11200,21.35383967399597,0.1,0.61,0.1,0.1
11300,21.086444473266603,0.10416666666666666,0.59,0.10833333333333332,0.1
11400,21.598470344543458,0.09583333333333333,0.62,0.09166666666666666,0.1
11500,20.789786071777343,0.09583333333333333,0.6,0.09166666666666666,0.1
11600,20.991606974601744,0.11666666666666667,0.6,0.10833333333333332,0.125
11700,20.88039478302002,0.10833333333333334,0.6,0.11666666666666667,0.1
11800,23.204838743209837,0.075,0.64,0.075,0.075
11900,19.948918952941895,0.075,0.59,0.075,0.075
12000,22.215276155471802,0.10416666666666666,0.59,0.10833333333333332,0.1
12100,20.72762302875519,0.075,0.61,0.075,0.075
12200,20.8527166891098,0.075,0.62,0.075,0.075
12300,21.761220655441285,0.07083333333333333,0.59,0.06666666666666667,0.075
12400,21.06459167480469,0.125,0.5700000000000001,0.125,0.125
12500,22.43092788696289,0.075,0.6,0.075,0.075
12600,22.43101035118103,0.08333333333333333,0.6,0.09166666666666666,0.075
12700,22.007409543991088,0.075,0.58,0.075,0.075
12800,22.935389261245728,0.14166666666666666,0.58,0.13333333333333333,0.15
12900,20.396585321426393,0.1,0.58,0.1,0.1
13000,21.63349548816681,0.0875,0.59,0.1,0.075
13100,20.94900363445282,0.09583333333333333,0.5700000000000001,0.09166666666666666,0.1
13200,21.663337689638137,0.0875,0.59,0.1,0.075
13300,21.443163793087006,0.09583333333333333,0.59,0.09166666666666666,0.1
13400,22.554261660575868,0.075,0.59,0.075,0.075
13500,21.477114362716677,0.09583333333333333,0.5700000000000001,0.09166666666666666,0.1
13600,21.62453802585602,0.10416666666666666,0.5700000000000001,0.10833333333333332,0.1
13700,22.265695271492003,0.075,0.5700000000000001,0.075,0.075
13800,20.176642479896547,0.08333333333333333,0.55,0.09166666666666666,0.075
13900,21.58829661846161,0.09583333333333333,0.5700000000000001,0.09166666666666666,0.1
14000,20.90109489917755,0.1125,0.56,0.1,0.125
14100,21.49775556087494,0.09166666666666667,0.55,0.08333333333333334,0.1
14200,20.945462908744812,0.125,0.56,0.125,0.125
14300,18.674477610588074,0.0875,0.5700000000000001,0.075,0.1
14400,21.382447896003722,0.125,0.56,0.125,0.125
14500,20.49904312133789,0.1,0.58,0.1,0.1
14600,20.07893967628479,0.10833333333333334,0.5700000000000001,0.11666666666666667,0.1
14700,20.462648916244508,0.12916666666666665,0.54,0.13333333333333333,0.125
14800,20.025266156196594,0.09583333333333333,0.5700000000000001,0.09166666666666666,0.1
14900,20.942806992530823,0.075,0.59,0.075,0.075
15000,21.69215226650238,0.07083333333333333,0.58,0.06666666666666667,0.075
15100,19.983481807708742,0.075,0.5700000000000001,0.075,0.075
15200,20.976528594493868,0.075,0.59,0.075,0.075
15300,22.06725172996521,0.10416666666666666,0.5700000000000001,0.10833333333333332,0.1
15400,21.03986274242401,0.10416666666666666,0.58,0.10833333333333332,0.1
15500,22.504041090011597,0.10416666666666666,0.55,0.10833333333333332,0.1
15600,22.18769923210144,0.10416666666666666,0.5700000000000001,0.10833333333333332,0.1
15700,21.53811894416809,0.1,0.5700000000000001,0.1,0.1
15800,19.35808526992798,0.10416666666666666,0.56,0.10833333333333332,0.1
15900,21.344735355377196,0.1,0.55,0.1,0.1
16000,21.35225049495697,0.08333333333333333,0.5700000000000001,0.09166666666666666,0.075
16100,21.89412344455719,0.09583333333333333,0.59,0.09166666666666666,0.1
16200,21.489381747245787,0.07916666666666666,0.58,0.08333333333333334,0.075
16300,20.731795206069947,0.075,0.58,0.075,0.075
16400,21.305836753845213,0.075,0.6,0.075,0.075
16500,20.976885118484496,0.075,0.56,0.075,0.075
16600,20.25077603816986,0.1,0.58,0.1,0.1
16700,19.203699402809143,0.08333333333333333,0.56,0.09166666666666666,0.075
16800,20.232829141616822,0.10416666666666666,0.5700000000000001,0.10833333333333332,0.1
16900,21.92438976287842,0.1,0.5700000000000001,0.1,0.1
17000,19.677932686805725,0.1,0.55,0.1,0.1
17100,20.773788595199584,0.1,0.55,0.1,0.1
17200,19.752076013088228,0.10833333333333334,0.56,0.11666666666666667,0.1
17300,22.01191677093506,0.08333333333333333,0.5700000000000001,0.09166666666666666,0.075
17400,22.424846477508545,0.1,0.5700000000000001,0.1,0.1
17500,20.32265958547592,0.10416666666666666,0.5700000000000001,0.10833333333333332,0.1
17600,21.275057208538055,0.09583333333333333,0.5700000000000001,0.09166666666666666,0.1
17700,19.873788142204283,0.1,0.56,0.1,0.1
17800,20.447106928825377,0.1,0.56,0.1,0.1
17900,20.800547890663147,0.1,0.56,0.1,0.1
18000,20.3565212392807,0.09583333333333333,0.56,0.09166666666666666,0.1
18100,19.490455446243285,0.09583333333333333,0.5700000000000001,0.09166666666666666,0.1
18200,20.631409726142884,0.07083333333333333,0.5700000000000001,0.06666666666666667,0.075
18300,20.51407709121704,0.07083333333333333,0.5700000000000001,0.06666666666666667,0.075
18400,21.755082483291627,0.075,0.5700000000000001,0.075,0.075
18500,20.877685108184814,0.10416666666666666,0.55,0.10833333333333332,0.1
18600,19.938839712142943,0.10416666666666666,0.56,0.10833333333333332,0.1
18700,19.535445084571837,0.10416666666666666,0.5700000000000001,0.10833333333333332,0.1
18800,20.670748505592346,0.08333333333333333,0.5700000000000001,0.09166666666666666,0.075
18900,22.359173369407653,0.07916666666666666,0.5700000000000001,0.08333333333333334,0.075
19000,19.961697626113892,0.08333333333333333,0.56,0.09166666666666666,0.075
19100,20.307372484207153,0.1,0.5700000000000001,0.1,0.1
19200,20.94576807975769,0.07916666666666666,0.58,0.08333333333333334,0.075
19300,20.983962774276733,0.07083333333333333,0.58,0.06666666666666667,0.075
19400,21.295540482997893,0.1,0.5700000000000001,0.1,0.1
19500,20.396855540275574,0.1,0.5700000000000001,0.1,0.1
19600,20.320856318473815,0.09583333333333333,0.5700000000000001,0.09166666666666666,0.1
19700,20.28921281337738,0.09166666666666667,0.58,0.08333333333333334,0.1
19800,19.286925587654114,0.1,0.5700000000000001,0.1,0.1
19900,20.278521647453307,0.09166666666666667,0.5700000000000001,0.08333333333333334,0.1
20000,22.169317331314087,0.1,0.5700000000000001,0.1,0.1
20100,20.059956011772154,0.1,0.5700000000000001,0.1,0.1
20200,20.647584114074707,0.09583333333333333,0.58,0.09166666666666666,0.1
20300,20.44471471786499,0.1,0.56,0.1,0.1
20400,21.01192659378052,0.1,0.5700000000000001,0.1,0.1
20500,20.846117191314697,0.1,0.5700000000000001,0.1,0.1
20600,19.077260890007018,0.09583333333333333,0.5700000000000001,0.09166666666666666,0.1
20700,20.91891783237457,0.08333333333333333,0.56,0.09166666666666666,0.075
20800,21.22854918003082,0.1,0.56,0.1,0.1
20900,20.29923255443573,0.09166666666666667,0.56,0.08333333333333334,0.1
21000,21.736169309616088,0.1,0.5700000000000001,0.1,0.1
21100,21.39987833738327,0.10833333333333334,0.56,0.11666666666666667,0.1
21200,20.443966846466065,0.10416666666666666,0.56,0.10833333333333332,0.1
21300,21.515254888534546,0.09583333333333333,0.56,0.09166666666666666,0.1
21400,21.01772665977478,0.09583333333333333,0.56,0.09166666666666666,0.1
21500,20.79303984642029,0.09583333333333333,0.5700000000000001,0.09166666666666666,0.1
21600,19.984163413047792,0.08333333333333333,0.5700000000000001,0.09166666666666666,0.075
21700,20.94937611579895,0.0875,0.56,0.1,0.075
21800,20.614954595565795,0.09166666666666667,0.58,0.08333333333333334,0.1
21900,19.934684524536134,0.07083333333333333,0.58,0.06666666666666667,0.075
22000,21.02472236633301,0.08333333333333333,0.56,0.09166666666666666,0.075
22100,21.680173377990723,0.1,0.56,0.1,0.1
22200,20.097132420539857,0.09583333333333333,0.5700000000000001,0.09166666666666666,0.1
22300,20.041464376449586,0.0875,0.56,0.1,0.075
22400,20.35280544757843,0.1,0.5700000000000001,0.1,0.1
22500,21.643503036499023,0.1,0.5700000000000001,0.1,0.1
22600,21.256023945808412,0.1,0.5700000000000001,0.1,0.1
22700,20.195662050247194,0.09166666666666667,0.58,0.08333333333333334,0.1
22800,21.400405054092406,0.10416666666666666,0.5700000000000001,0.10833333333333332,0.1
22900,20.826173281669618,0.1,0.5700000000000001,0.1,0.1
23000,20.091289224624635,0.09583333333333333,0.5700000000000001,0.09166666666666666,0.1
23100,21.489041213989257,0.1,0.5700000000000001,0.1,0.1
23200,18.84230633735657,0.09583333333333333,0.5700000000000001,0.09166666666666666,0.1
23300,21.331932301521302,0.09583333333333333,0.5700000000000001,0.09166666666666666,0.1
23400,20.996071162223817,0.09583333333333333,0.5700000000000001,0.09166666666666666,0.1
23500,20.022939801216125,0.09583333333333333,0.5700000000000001,0.09166666666666666,0.1
23600,22.65026071548462,0.09583333333333333,0.5700000000000001,0.09166666666666666,0.1
23700,21.37194269657135,0.09583333333333333,0.5700000000000001,0.09166666666666666,0.1
23800,20.760519757270814,0.09583333333333333,0.5700000000000001,0.09166666666666666,0.1
23900,21.118996682167055,0.09166666666666667,0.5700000000000001,0.08333333333333334,0.1
24000,20.199562349319457,0.09583333333333333,0.5700000000000001,0.09166666666666666,0.1
24100,19.64796371459961,0.07916666666666666,0.5700000000000001,0.08333333333333334,0.075
24200,21.029142417907714,0.08333333333333333,0.56,0.09166666666666666,0.075
24300,20.5194305562973,0.08333333333333333,0.56,0.09166666666666666,0.075
24400,21.293335552215577,0.08333333333333333,0.56,0.09166666666666666,0.075
24500,19.93724970817566,0.09166666666666667,0.5700000000000001,0.08333333333333334,0.1
24600,21.19498202800751,0.09166666666666667,0.5700000000000001,0.08333333333333334,0.1
24700,21.40646048069,0.08333333333333333,0.56,0.09166666666666666,0.075
24800,20.846039483547212,0.08333333333333333,0.56,0.09166666666666666,0.075
24900,19.866950755119323,0.09166666666666667,0.5700000000000001,0.08333333333333334,0.1
25000,23.08103624820709,0.09166666666666667,0.5700000000000001,0.08333333333333334,0.1
25100,20.49396508216858,0.09583333333333333,0.5700000000000001,0.09166666666666666,0.1
25200,21.29047222137451,0.09166666666666667,0.5700000000000001,0.08333333333333334,0.1
25300,20.260359082221985,0.09166666666666667,0.5700000000000001,0.08333333333333334,0.1
25400,20.677331504821776,0.10416666666666666,0.56,0.10833333333333332,0.1
25500,21.15954384803772,0.09166666666666667,0.5700000000000001,0.08333333333333334,0.1
25600,21.37947714805603,0.09166666666666667,0.5700000000000001,0.08333333333333334,0.1
25700,21.14094961643219,0.09166666666666667,0.5700000000000001,0.08333333333333334,0.1
25800,20.373828444480896,0.09166666666666667,0.5700000000000001,0.08333333333333334,0.1
25900,21.206760845184327,0.08333333333333333,0.56,0.09166666666666666,0.075
26000,20.156345949172973,0.08333333333333333,0.56,0.09166666666666666,0.075
26100,20.467511167526244,0.08333333333333333,0.56,0.09166666666666666,0.075
26200,21.655642948150636,0.07916666666666666,0.5700000000000001,0.08333333333333334,0.075
26300,21.0545840549469,0.07916666666666666,0.5700000000000001,0.08333333333333334,0.075
26400,21.62518063545227,0.07916666666666666,0.5700000000000001,0.08333333333333334,0.075
26500,20.48884584903717,0.09583333333333333,0.5700000000000001,0.09166666666666666,0.1
26600,21.733382482528686,0.09166666666666667,0.5700000000000001,0.08333333333333334,0.1
26700,21.415862364768984,0.08333333333333333,0.56,0.09166666666666666,0.075
26800,19.840519123077392,0.09166666666666667,0.5700000000000001,0.08333333333333334,0.1
26900,22.155816283226013,0.09166666666666667,0.5700000000000001,0.08333333333333334,0.1
27000,21.1720751953125,0.08333333333333333,0.56,0.09166666666666666,0.075
27100,20.375741624832152,0.07916666666666666,0.56,0.08333333333333334,0.075
27200,21.398062257766725,0.07916666666666666,0.56,0.08333333333333334,0.075
27300,20.871830348968505,0.07916666666666666,0.56,0.08333333333333334,0.075
27400,20.98279320716858,0.07916666666666666,0.56,0.08333333333333334,0.075
27500,21.207825360298155,0.07916666666666666,0.56,0.08333333333333334,0.075
27600,20.987211117744447,0.08333333333333333,0.56,0.09166666666666666,0.075
27700,21.275989751815796,0.08333333333333333,0.56,0.09166666666666666,0.075
27800,21.2470339345932,0.08333333333333333,0.56,0.09166666666666666,0.075
27900,20.11587065219879,0.07916666666666666,0.56,0.08333333333333334,0.075
28000,18.78488432407379,0.07916666666666666,0.56,0.08333333333333334,0.075
28100,21.13623191356659,0.07916666666666666,0.56,0.08333333333333334,0.075
28200,21.729115734100343,0.08333333333333333,0.56,0.09166666666666666,0.075
28300,19.351976323127747,0.07916666666666666,0.56,0.08333333333333334,0.075
28400,19.423761475086213,0.08333333333333333,0.56,0.09166666666666666,0.075
28500,20.727986397743226,0.08333333333333333,0.56,0.09166666666666666,0.075
28600,20.14831436634064,0.08333333333333333,0.56,0.09166666666666666,0.075
28700,20.913904547691345,0.08333333333333333,0.56,0.09166666666666666,0.075
28800,20.466013050079347,0.08333333333333333,0.56,0.09166666666666666,0.075
28900,21.42198799133301,0.07916666666666666,0.56,0.08333333333333334,0.075
29000,20.207685132026672,0.07916666666666666,0.56,0.08333333333333334,0.075
29100,20.414213585853577,0.08333333333333333,0.56,0.09166666666666666,0.075
29200,20.209277696609497,0.08333333333333333,0.56,0.09166666666666666,0.075
29300,21.291307034492494,0.08333333333333333,0.56,0.09166666666666666,0.075
29400,20.69959675312042,0.08333333333333333,0.56,0.09166666666666666,0.075
29500,21.594235167503356,0.08333333333333333,0.56,0.09166666666666666,0.075
29600,21.54541097640991,0.08333333333333333,0.56,0.09166666666666666,0.075
29700,21.60977732181549,0.08333333333333333,0.56,0.09166666666666666,0.075
29800,20.202011642456053,0.08333333333333333,0.56,0.09166666666666666,0.075
29900,20.84839669704437,0.08333333333333333,0.56,0.09166666666666666,0.075
30000,21.60607768058777,0.08333333333333333,0.56,0.09166666666666666,0.075
30100,19.919135694503783,0.08333333333333333,0.56,0.09166666666666666,0.075
30200,21.55493046760559,0.08333333333333333,0.56,0.09166666666666666,0.075
30300,20.823566551208497,0.07916666666666666,0.56,0.08333333333333334,0.075
30400,20.295235877037047,0.07916666666666666,0.56,0.08333333333333334,0.075
30500,21.36514451980591,0.07916666666666666,0.56,0.08333333333333334,0.075
30600,19.39683331012726,0.08333333333333333,0.56,0.09166666666666666,0.075
30700,21.337512302398682,0.07916666666666666,0.56,0.08333333333333334,0.075
30800,20.05786515235901,0.08333333333333333,0.56,0.09166666666666666,0.075
30900,21.59244100570679,0.08333333333333333,0.56,0.09166666666666666,0.075
31000,19.539536271095276,0.08333333333333333,0.56,0.09166666666666666,0.075
31100,21.075118503570557,0.08333333333333333,0.56,0.09166666666666666,0.075
31200,22.281664731502534,0.08333333333333333,0.56,0.09166666666666666,0.075
31300,20.535143921375276,0.08333333333333333,0.56,0.09166666666666666,0.075
31400,21.781605396270752,0.08333333333333333,0.56,0.09166666666666666,0.075
31500,20.41987697124481,0.08333333333333333,0.56,0.09166666666666666,0.075
31600,21.443880767822264,0.08333333333333333,0.56,0.09166666666666666,0.075
31700,22.372384729385377,0.08333333333333333,0.56,0.09166666666666666,0.075
31800,20.45797536253929,0.08333333333333333,0.56,0.09166666666666666,0.075
31900,19.64676438808441,0.08333333333333333,0.56,0.09166666666666666,0.075
32000,20.51264825105667,0.08333333333333333,0.56,0.09166666666666666,0.075
32100,20.812551579475404,0.08333333333333333,0.56,0.09166666666666666,0.075
32200,20.558540358543397,0.08333333333333333,0.56,0.09166666666666666,0.075
32300,20.243128905296327,0.08333333333333333,0.56,0.09166666666666666,0.075
32400,20.457037296295166,0.08333333333333333,0.56,0.09166666666666666,0.075
32500,21.348273611068727,0.08333333333333333,0.56,0.09166666666666666,0.075
32600,21.40108518123627,0.08333333333333333,0.56,0.09166666666666666,0.075
32700,20.180367102622984,0.09166666666666667,0.5700000000000001,0.08333333333333334,0.1
32800,19.87945387840271,0.08333333333333333,0.56,0.09166666666666666,0.075
32900,20.975908479690553,0.08333333333333333,0.56,0.09166666666666666,0.075
33000,20.40954375743866,0.08333333333333333,0.56,0.09166666666666666,0.075
33100,21.145542869567873,0.08333333333333333,0.56,0.09166666666666666,0.075
33200,20.52894211769104,0.08333333333333333,0.56,0.09166666666666666,0.075
33300,21.042801442146303,0.08333333333333333,0.56,0.09166666666666666,0.075
33400,19.55098036766052,0.08333333333333333,0.56,0.09166666666666666,0.075
33500,20.500049872398378,0.08333333333333333,0.56,0.09166666666666666,0.075
33600,21.63846707344055,0.08333333333333333,0.56,0.09166666666666666,0.075
33700,21.332866969108583,0.08333333333333333,0.56,0.09166666666666666,0.075
33800,20.76540509223938,0.08333333333333333,0.56,0.09166666666666666,0.075
33900,20.938041410446168,0.08333333333333333,0.56,0.09166666666666666,0.075
34000,20.53873288154602,0.09166666666666667,0.5700000000000001,0.08333333333333334,0.1
34100,20.065709805488588,0.08333333333333333,0.56,0.09166666666666666,0.075
34200,19.832152981758117,0.08333333333333333,0.56,0.09166666666666666,0.075
34300,22.38767119884491,0.08333333333333333,0.56,0.09166666666666666,0.075
34400,21.202941598892213,0.08333333333333333,0.56,0.09166666666666666,0.075
34500,19.400464444160463,0.08333333333333333,0.56,0.09166666666666666,0.075
34600,20.991650261878966,0.08333333333333333,0.56,0.09166666666666666,0.075
34700,21.851830835342408,0.08333333333333333,0.56,0.09166666666666666,0.075
34800,20.811874904632568,0.08333333333333333,0.56,0.09166666666666666,0.075
34900,19.51289058685303,0.08333333333333333,0.56,0.09166666666666666,0.075
35000,21.210409717559813,0.08333333333333333,0.56,0.09166666666666666,0.075
35100,20.049155254364013,0.08333333333333333,0.56,0.09166666666666666,0.075
35200,20.226280665397645,0.08333333333333333,0.56,0.09166666666666666,0.075
35300,20.743222880363465,0.08333333333333333,0.56,0.09166666666666666,0.075
35400,19.785954480171203,0.08333333333333333,0.56,0.09166666666666666,0.075
35500,19.240274014472963,0.08333333333333333,0.56,0.09166666666666666,0.075
35600,19.179606165885925,0.08333333333333333,0.56,0.09166666666666666,0.075
35700,20.45822654247284,0.08333333333333333,0.56,0.09166666666666666,0.075
35800,21.032519183158875,0.08333333333333333,0.56,0.09166666666666666,0.075
35900,19.82142059803009,0.08333333333333333,0.56,0.09166666666666666,0.075
36000,21.807862503528597,0.08333333333333333,0.56,0.09166666666666666,0.075
36100,19.543843507766724,0.08333333333333333,0.56,0.09166666666666666,0.075
36200,20.86196834087372,0.08333333333333333,0.56,0.09166666666666666,0.075
36300,20.297809052467347,0.08333333333333333,0.56,0.09166666666666666,0.075
36400,20.92445113658905,0.08333333333333333,0.56,0.09166666666666666,0.075
36500,20.07735770225525,0.08333333333333333,0.56,0.09166666666666666,0.075
36600,19.746254291534424,0.08333333333333333,0.56,0.09166666666666666,0.075
36700,20.849955163002015,0.08333333333333333,0.56,0.09166666666666666,0.075
36800,20.401272623538972,0.08333333333333333,0.56,0.09166666666666666,0.075
36900,21.360568289756774,0.08333333333333333,0.56,0.09166666666666666,0.075
37000,19.55695872783661,0.08333333333333333,0.56,0.09166666666666666,0.075
37100,21.636892638206483,0.08333333333333333,0.56,0.09166666666666666,0.075
37200,21.224467182159422,0.08333333333333333,0.56,0.09166666666666666,0.075
37300,22.54319498538971,0.08333333333333333,0.56,0.09166666666666666,0.075
37400,19.818125319480895,0.08333333333333333,0.56,0.09166666666666666,0.075
37500,20.728101263046266,0.08333333333333333,0.56,0.09166666666666666,0.075
37600,20.346423306465148,0.08333333333333333,0.56,0.09166666666666666,0.075
37700,19.62358563542366,0.08333333333333333,0.56,0.09166666666666666,0.075
37800,20.721617307662964,0.08333333333333333,0.56,0.09166666666666666,0.075
37900,19.85393841743469,0.08333333333333333,0.56,0.09166666666666666,0.075
38000,21.17597598552704,0.08333333333333333,0.56,0.09166666666666666,0.075
38100,21.057040758132935,0.08333333333333333,0.56,0.09166666666666666,0.075
38200,20.578765025138853,0.08333333333333333,0.56,0.09166666666666666,0.075
38300,21.032133598327636,0.08333333333333333,0.56,0.09166666666666666,0.075
38400,21.7001655960083,0.08333333333333333,0.56,0.09166666666666666,0.075
38500,19.816119792461397,0.08333333333333333,0.56,0.09166666666666666,0.075
38600,19.108287811279297,0.08333333333333333,0.56,0.09166666666666666,0.075
38700,20.451432590484618,0.08333333333333333,0.56,0.09166666666666666,0.075
38800,20.392690267562866,0.08333333333333333,0.56,0.09166666666666666,0.075
38900,20.080692195892333,0.08333333333333333,0.56,0.09166666666666666,0.075
39000,21.27638449907303,0.08333333333333333,0.56,0.09166666666666666,0.075
39100,20.479140996932983,0.08333333333333333,0.56,0.09166666666666666,0.075
39200,20.434741401672362,0.08333333333333333,0.56,0.09166666666666666,0.075
39300,19.60504068851471,0.08333333333333333,0.56,0.09166666666666666,0.075
39400,21.026595296859742,0.08333333333333333,0.56,0.09166666666666666,0.075
39500,20.34871235847473,0.08333333333333333,0.56,0.09166666666666666,0.075
39600,20.50047950744629,0.08333333333333333,0.56,0.09166666666666666,0.075
39700,19.98764570236206,0.08333333333333333,0.56,0.09166666666666666,0.075
39800,20.773256583213808,0.08333333333333333,0.56,0.09166666666666666,0.075
39900,21.680590167045594,0.08333333333333333,0.56,0.09166666666666666,0.075
40000,20.93334530353546,0.08333333333333333,0.56,0.09166666666666666,0.075
40100,18.805875926017762,0.08333333333333333,0.56,0.09166666666666666,0.075
40200,23.3051549911499,0.08333333333333333,0.56,0.09166666666666666,0.075
40300,21.83537923336029,0.08333333333333333,0.56,0.09166666666666666,0.075
40400,21.873411989212038,0.08333333333333333,0.56,0.09166666666666666,0.075
40500,19.860035033226012,0.08333333333333333,0.56,0.09166666666666666,0.075
40600,20.97894682407379,0.08333333333333333,0.56,0.09166666666666666,0.075
40700,20.7077729511261,0.08333333333333333,0.56,0.09166666666666666,0.075
40800,21.438692693710326,0.08333333333333333,0.56,0.09166666666666666,0.075
40900,20.946442561149595,0.08333333333333333,0.56,0.09166666666666666,0.075
41000,18.84283768892288,0.08333333333333333,0.56,0.09166666666666666,0.075
41100,21.713676261901856,0.08333333333333333,0.56,0.09166666666666666,0.075
41200,20.18199137210846,0.08333333333333333,0.56,0.09166666666666666,0.075
41300,20.657684879302977,0.08333333333333333,0.56,0.09166666666666666,0.075
41400,21.071545782089235,0.08333333333333333,0.56,0.09166666666666666,0.075
41500,22.094642934799193,0.08333333333333333,0.56,0.09166666666666666,0.075
41600,19.528329825401308,0.08333333333333333,0.56,0.09166666666666666,0.075
41700,19.533103585243225,0.08333333333333333,0.56,0.09166666666666666,0.075
41800,19.06124273777008,0.08333333333333333,0.56,0.09166666666666666,0.075
41900,20.738563146591186,0.08333333333333333,0.56,0.09166666666666666,0.075
42000,22.192963490486147,0.08333333333333333,0.56,0.09166666666666666,0.075
42100,20.862898817062376,0.08333333333333333,0.56,0.09166666666666666,0.075
42200,20.574309453964233,0.08333333333333333,0.56,0.09166666666666666,0.075
42300,21.50114417076111,0.08333333333333333,0.56,0.09166666666666666,0.075
42400,19.9805721616745,0.08333333333333333,0.56,0.09166666666666666,0.075
42500,21.001090240478515,0.08333333333333333,0.56,0.09166666666666666,0.075
42600,21.341380982398988,0.08333333333333333,0.56,0.09166666666666666,0.075
42700,21.65728379249573,0.08333333333333333,0.56,0.09166666666666666,0.075
42800,20.332016398906706,0.08333333333333333,0.56,0.09166666666666666,0.075
42900,21.386961894035338,0.08333333333333333,0.56,0.09166666666666666,0.075
43000,20.432594540119172,0.08333333333333333,0.56,0.09166666666666666,0.075
43100,21.701779580116273,0.08333333333333333,0.56,0.09166666666666666,0.075
43200,19.72312621116638,0.08333333333333333,0.56,0.09166666666666666,0.075
43300,20.597308235168455,0.08333333333333333,0.56,0.09166666666666666,0.075
43400,20.863937163352965,0.08333333333333333,0.56,0.09166666666666666,0.075
43500,21.398556218147277,0.08333333333333333,0.56,0.09166666666666666,0.075
43600,22.14343508720398,0.08333333333333333,0.56,0.09166666666666666,0.075
43700,19.44740355014801,0.08333333333333333,0.56,0.09166666666666666,0.075
43800,20.672331085205077,0.08333333333333333,0.56,0.09166666666666666,0.075
43900,21.540606150627138,0.08333333333333333,0.56,0.09166666666666666,0.075
44000,21.32059410095215,0.08333333333333333,0.56,0.09166666666666666,0.075
44100,20.21624920129776,0.08333333333333333,0.56,0.09166666666666666,0.075
44200,21.955302686691283,0.08333333333333333,0.56,0.09166666666666666,0.075
44300,21.290027530193328,0.08333333333333333,0.56,0.09166666666666666,0.075
44400,21.942403473854064,0.08333333333333333,0.56,0.09166666666666666,0.075
44500,21.495298805236818,0.08333333333333333,0.56,0.09166666666666666,0.075
44600,21.653517265319824,0.08333333333333333,0.56,0.09166666666666666,0.075
44700,22.749147872924805,0.08333333333333333,0.56,0.09166666666666666,0.075
44800,22.048263206481934,0.08333333333333333,0.56,0.09166666666666666,0.075
44900,20.304314608573915,0.08333333333333333,0.56,0.09166666666666666,0.075
45000,20.72183835029602,0.08333333333333333,0.56,0.09166666666666666,0.075
45100,19.15462806224823,0.08333333333333333,0.56,0.09166666666666666,0.075
45200,19.979416937828063,0.08333333333333333,0.56,0.09166666666666666,0.075
45300,20.120677909851075,0.08333333333333333,0.56,0.09166666666666666,0.075
45400,21.710933389663698,0.08333333333333333,0.56,0.09166666666666666,0.075
45500,22.487625851631165,0.08333333333333333,0.56,0.09166666666666666,0.075
45600,20.589605741500854,0.08333333333333333,0.56,0.09166666666666666,0.075
45700,21.949663467407227,0.08333333333333333,0.56,0.09166666666666666,0.075
45800,21.33486439704895,0.08333333333333333,0.56,0.09166666666666666,0.075
45900,21.17101894021034,0.08333333333333333,0.56,0.09166666666666666,0.075
46000,21.02238513946533,0.08333333333333333,0.56,0.09166666666666666,0.075
46100,19.946824655532836,0.08333333333333333,0.56,0.09166666666666666,0.075
46200,20.821798377037048,0.08333333333333333,0.56,0.09166666666666666,0.075
46300,20.74565848827362,0.08333333333333333,0.56,0.09166666666666666,0.075
46400,21.510511326789857,0.08333333333333333,0.56,0.09166666666666666,0.075
46500,19.505498118400574,0.08333333333333333,0.56,0.09166666666666666,0.075
46600,22.442397317886353,0.08333333333333333,0.56,0.09166666666666666,0.075
46700,21.14176474094391,0.08333333333333333,0.56,0.09166666666666666,0.075
46800,19.44867099761963,0.08333333333333333,0.56,0.09166666666666666,0.075
46900,21.690669841766358,0.08333333333333333,0.56,0.09166666666666666,0.075
47000,19.109733591079713,0.08333333333333333,0.56,0.09166666666666666,0.075
47100,20.48354474067688,0.08333333333333333,0.56,0.09166666666666666,0.075
47200,20.160165042877196,0.08333333333333333,0.56,0.09166666666666666,0.075
47300,21.588354053497316,0.08333333333333333,0.56,0.09166666666666666,0.075
47400,20.837838406562806,0.08333333333333333,0.56,0.09166666666666666,0.075
47500,21.587024846076964,0.08333333333333333,0.56,0.09166666666666666,0.075
47600,20.020601358413696,0.08333333333333333,0.56,0.09166666666666666,0.075
47700,21.19615206718445,0.08333333333333333,0.56,0.09166666666666666,0.075
47800,21.288420915603638,0.08333333333333333,0.56,0.09166666666666666,0.075
47900,22.00181613922119,0.08333333333333333,0.56,0.09166666666666666,0.075
48000,19.625263185501097,0.08333333333333333,0.56,0.09166666666666666,0.075
48100,21.168138303756713,0.08333333333333333,0.56,0.09166666666666666,0.075
48200,20.93625771522522,0.08333333333333333,0.56,0.09166666666666666,0.075
48300,20.277973816394805,0.08333333333333333,0.56,0.09166666666666666,0.075
48400,20.832342326641083,0.08333333333333333,0.56,0.09166666666666666,0.075
48500,20.634174056053162,0.08333333333333333,0.56,0.09166666666666666,0.075
48600,20.928233714103698,0.08333333333333333,0.56,0.09166666666666666,0.075
48700,21.958866782188416,0.08333333333333333,0.56,0.09166666666666666,0.075
48800,21.111277287006377,0.08333333333333333,0.56,0.09166666666666666,0.075
48900,19.077185463905334,0.08333333333333333,0.56,0.09166666666666666,0.075
49000,19.83890100479126,0.08333333333333333,0.56,0.09166666666666666,0.075
49100,19.161672439575195,0.08333333333333333,0.56,0.09166666666666666,0.075
49200,20.749431586265565,0.08333333333333333,0.56,0.09166666666666666,0.075
49300,21.16656573295593,0.08333333333333333,0.56,0.09166666666666666,0.075
49400,20.371281218528747,0.08333333333333333,0.56,0.09166666666666666,0.075
49500,19.35499053955078,0.08333333333333333,0.56,0.09166666666666666,0.075
49600,21.112084984779358,0.08333333333333333,0.56,0.09166666666666666,0.075
49700,20.64805435180664,0.08333333333333333,0.56,0.09166666666666666,0.075
49800,20.73478603839874,0.08333333333333333,0.56,0.09166666666666666,0.075
49900,20.97551229953766,0.08333333333333333,0.56,0.09166666666666666,0.075
50000,20.465884885787965,0.08333333333333333,0.56,0.09166666666666666,0.075
50100,21.662862830162048,0.08333333333333333,0.56,0.09166666666666666,0.075
50200,20.712092456817626,0.08333333333333333,0.56,0.09166666666666666,0.075
50300,20.722583537101745,0.08333333333333333,0.56,0.09166666666666666,0.075
50400,21.21410207271576,0.08333333333333333,0.56,0.09166666666666666,0.075
50500,21.521871366500854,0.08333333333333333,0.56,0.09166666666666666,0.075
50600,21.274559042453767,0.08333333333333333,0.56,0.09166666666666666,0.075
50700,20.50032274723053,0.08333333333333333,0.56,0.09166666666666666,0.075
50800,20.39689785003662,0.08333333333333333,0.56,0.09166666666666666,0.075
50900,21.344298076629638,0.08333333333333333,0.56,0.09166666666666666,0.075
51000,20.85851544380188,0.08333333333333333,0.56,0.09166666666666666,0.075
51100,21.828267407417297,0.08333333333333333,0.56,0.09166666666666666,0.075
51200,21.654800252914427,0.08333333333333333,0.56,0.09166666666666666,0.075
51300,20.255580093860626,0.08333333333333333,0.56,0.09166666666666666,0.075
51400,20.677549510002137,0.08333333333333333,0.56,0.09166666666666666,0.075
51500,20.468483414649963,0.08333333333333333,0.56,0.09166666666666666,0.075
51600,20.236052775382994,0.08333333333333333,0.56,0.09166666666666666,0.075
51700,19.62806683540344,0.08333333333333333,0.56,0.09166666666666666,0.075
51800,21.89691278934479,0.08333333333333333,0.56,0.09166666666666666,0.075
51900,21.67753900527954,0.08333333333333333,0.56,0.09166666666666666,0.075
52000,20.816350359916687,0.08333333333333333,0.56,0.09166666666666666,0.075
52100,22.182284183502198,0.08333333333333333,0.56,0.09166666666666666,0.075
52200,21.40996950149536,0.08333333333333333,0.56,0.09166666666666666,0.075
52300,21.294958057403566,0.08333333333333333,0.56,0.09166666666666666,0.075
52400,20.731928324699403,0.08333333333333333,0.56,0.09166666666666666,0.075
52500,21.636693687438964,0.08333333333333333,0.56,0.09166666666666666,0.075
52600,21.00587389945984,0.08333333333333333,0.56,0.09166666666666666,0.075
52700,20.39405773162842,0.08333333333333333,0.56,0.09166666666666666,0.075
52800,21.87261088848114,0.08333333333333333,0.56,0.09166666666666666,0.075
52900,19.0304341173172,0.08333333333333333,0.56,0.09166666666666666,0.075
53000,20.93741099357605,0.08333333333333333,0.56,0.09166666666666666,0.075
53100,21.26438257217407,0.08333333333333333,0.56,0.09166666666666666,0.075
53200,21.084519572257996,0.08333333333333333,0.56,0.09166666666666666,0.075
53300,19.758617448806763,0.08333333333333333,0.56,0.09166666666666666,0.075
53400,21.423954281806946,0.08333333333333333,0.56,0.09166666666666666,0.075
53500,20.838999705314635,0.08333333333333333,0.56,0.09166666666666666,0.075
53600,20.767643365859985,0.08333333333333333,0.56,0.09166666666666666,0.075
53700,21.298324317932128,0.08333333333333333,0.56,0.09166666666666666,0.075
53800,21.729315252304076,0.08333333333333333,0.56,0.09166666666666666,0.075
53900,20.37047620296478,0.08333333333333333,0.56,0.09166666666666666,0.075
54000,19.658383746147155,0.08333333333333333,0.56,0.09166666666666666,0.075
54100,19.457727279663086,0.08333333333333333,0.56,0.09166666666666666,0.075
54200,20.569886178970336,0.08333333333333333,0.56,0.09166666666666666,0.075
54300,19.978256645202638,0.08333333333333333,0.56,0.09166666666666666,0.075
54400,22.01066168308258,0.08333333333333333,0.56,0.09166666666666666,0.075
54500,20.514617977142333,0.08333333333333333,0.56,0.09166666666666666,0.075
54600,21.178629426956178,0.08333333333333333,0.56,0.09166666666666666,0.075
54700,20.228762259483336,0.08333333333333333,0.56,0.09166666666666666,0.075
54800,20.56867997646332,0.08333333333333333,0.56,0.09166666666666666,0.075
54900,20.95412335395813,0.08333333333333333,0.56,0.09166666666666666,0.075
55000,21.971794962882996,0.08333333333333333,0.56,0.09166666666666666,0.075
55100,20.537967739105223,0.08333333333333333,0.56,0.09166666666666666,0.075
55200,20.503242568969725,0.08333333333333333,0.56,0.09166666666666666,0.075
55300,20.600719771385194,0.08333333333333333,0.56,0.09166666666666666,0.075
55400,20.859427905082704,0.08333333333333333,0.56,0.09166666666666666,0.075
55500,20.080859756469728,0.08333333333333333,0.56,0.09166666666666666,0.075
55600,18.694566831588745,0.08333333333333333,0.56,0.09166666666666666,0.075
55700,20.748445596694946,0.08333333333333333,0.56,0.09166666666666666,0.075
55800,20.988426442146302,0.08333333333333333,0.56,0.09166666666666666,0.075
55900,21.119800181388854,0.08333333333333333,0.56,0.09166666666666666,0.075
56000,20.560001020431518,0.08333333333333333,0.56,0.09166666666666666,0.075
56100,20.533690190315248,0.08333333333333333,0.56,0.09166666666666666,0.075
56200,19.886015424728395,0.08333333333333333,0.56,0.09166666666666666,0.075
56300,20.754898171424866,0.08333333333333333,0.56,0.09166666666666666,0.075
56400,19.792471594810486,0.08333333333333333,0.56,0.09166666666666666,0.075
56500,21.965842707157137,0.08333333333333333,0.56,0.09166666666666666,0.075
56600,20.552852370738982,0.08333333333333333,0.56,0.09166666666666666,0.075
56700,21.80635193824768,0.08333333333333333,0.56,0.09166666666666666,0.075
56800,20.495478472709657,0.08333333333333333,0.56,0.09166666666666666,0.075
56900,19.275026535987855,0.08333333333333333,0.56,0.09166666666666666,0.075
57000,19.5258793759346,0.08333333333333333,0.56,0.09166666666666666,0.075
57100,19.842202262878416,0.08333333333333333,0.56,0.09166666666666666,0.075
57200,21.06329187631607,0.08333333333333333,0.56,0.09166666666666666,0.075
57300,21.939654221534727,0.08333333333333333,0.56,0.09166666666666666,0.075
57400,20.955136098861693,0.08333333333333333,0.56,0.09166666666666666,0.075
57500,20.366278858184813,0.08333333333333333,0.56,0.09166666666666666,0.075
57600,21.16010229110718,0.08333333333333333,0.56,0.09166666666666666,0.075
57700,20.331564588546755,0.08333333333333333,0.56,0.09166666666666666,0.075
57800,20.320187935829164,0.08333333333333333,0.56,0.09166666666666666,0.075
57900,20.721641478538512,0.08333333333333333,0.56,0.09166666666666666,0.075
58000,19.41028418302536,0.08333333333333333,0.56,0.09166666666666666,0.075
58100,21.166320447921752,0.08333333333333333,0.56,0.09166666666666666,0.075
58200,19.970634708404543,0.08333333333333333,0.56,0.09166666666666666,0.075
58300,19.891685371398925,0.08333333333333333,0.56,0.09166666666666666,0.075
58400,21.078689908981325,0.08333333333333333,0.56,0.09166666666666666,0.075
58500,20.872766137123108,0.08333333333333333,0.56,0.09166666666666666,0.075
58600,21.372764652967454,0.08333333333333333,0.56,0.09166666666666666,0.075
58700,20.658207445144654,0.08333333333333333,0.56,0.09166666666666666,0.075
58800,21.02466896057129,0.08333333333333333,0.56,0.09166666666666666,0.075
58900,19.992001175880432,0.08333333333333333,0.56,0.09166666666666666,0.075
59000,20.42799831867218,0.08333333333333333,0.56,0.09166666666666666,0.075
59100,19.26777482032776,0.08333333333333333,0.56,0.09166666666666666,0.075
59200,20.418876738548278,0.08333333333333333,0.56,0.09166666666666666,0.075
59300,20.672426738739013,0.08333333333333333,0.56,0.09166666666666666,0.075
59400,20.35301852107048,0.08333333333333333,0.56,0.09166666666666666,0.075
59500,21.50457500934601,0.08333333333333333,0.56,0.09166666666666666,0.075
59600,20.482300152778624,0.08333333333333333,0.56,0.09166666666666666,0.075
59700,20.05348475933075,0.08333333333333333,0.56,0.09166666666666666,0.075
59800,20.76302523136139,0.08333333333333333,0.56,0.09166666666666666,0.075
59900,20.153602333068847,0.08333333333333333,0.56,0.09166666666666666,0.075
60000,20.70434510231018,0.08333333333333333,0.56,0.09166666666666666,0.075
60100,20.976758351325987,0.08333333333333333,0.56,0.09166666666666666,0.075
60200,20.880523262023925,0.08333333333333333,0.56,0.09166666666666666,0.075
60300,20.797190523147584,0.08333333333333333,0.56,0.09166666666666666,0.075
60400,19.640244965553283,0.08333333333333333,0.56,0.09166666666666666,0.075
60500,20.010098457336426,0.08333333333333333,0.56,0.09166666666666666,0.075
60600,19.744956026077272,0.08333333333333333,0.56,0.09166666666666666,0.075
60700,20.625390605926512,0.08333333333333333,0.56,0.09166666666666666,0.075
60800,20.78418203830719,0.08333333333333333,0.56,0.09166666666666666,0.075
60900,21.034635462760924,0.08333333333333333,0.56,0.09166666666666666,0.075
61000,19.968431663513183,0.08333333333333333,0.56,0.09166666666666666,0.075
61100,21.87001132965088,0.08333333333333333,0.56,0.09166666666666666,0.075
61200,21.131705679893493,0.08333333333333333,0.56,0.09166666666666666,0.075
61300,20.793510327339174,0.08333333333333333,0.56,0.09166666666666666,0.075
61400,20.56746823310852,0.08333333333333333,0.56,0.09166666666666666,0.075
61500,23.030331754684447,0.08333333333333333,0.56,0.09166666666666666,0.075
61600,20.6630050945282,0.08333333333333333,0.56,0.09166666666666666,0.075
61700,20.16106056690216,0.08333333333333333,0.56,0.09166666666666666,0.075
61800,21.349751558303833,0.08333333333333333,0.56,0.09166666666666666,0.075
61900,20.078565144538878,0.08333333333333333,0.56,0.09166666666666666,0.075
62000,20.336033864021303,0.08333333333333333,0.56,0.09166666666666666,0.075
62100,19.033839478492737,0.08333333333333333,0.56,0.09166666666666666,0.075
62200,21.120304346084595,0.08333333333333333,0.56,0.09166666666666666,0.075
62300,19.800781660079956,0.08333333333333333,0.56,0.09166666666666666,0.075
62400,19.216111035346984,0.08333333333333333,0.56,0.09166666666666666,0.075
62500,21.819416174888612,0.08333333333333333,0.56,0.09166666666666666,0.075
62600,20.82050621986389,0.08333333333333333,0.56,0.09166666666666666,0.075
62700,20.59940810203552,0.08333333333333333,0.56,0.09166666666666666,0.075
62800,20.42669192790985,0.08333333333333333,0.56,0.09166666666666666,0.075
62900,20.606073327064514,0.08333333333333333,0.56,0.09166666666666666,0.075
63000,21.30826121330261,0.08333333333333333,0.56,0.09166666666666666,0.075
63100,21.43907787322998,0.08333333333333333,0.56,0.09166666666666666,0.075
63200,21.365472326278688,0.08333333333333333,0.56,0.09166666666666666,0.075
63300,21.33703854560852,0.08333333333333333,0.56,0.09166666666666666,0.075
63400,19.187524480819704,0.08333333333333333,0.56,0.09166666666666666,0.075
63500,20.68805229663849,0.08333333333333333,0.56,0.09166666666666666,0.075
63600,18.83204819202423,0.08333333333333333,0.56,0.09166666666666666,0.075
63700,20.645460777282715,0.08333333333333333,0.56,0.09166666666666666,0.075
63800,21.2824987411499,0.08333333333333333,0.56,0.09166666666666666,0.075
63900,20.7638560628891,0.08333333333333333,0.56,0.09166666666666666,0.075
64000,21.123157691955566,0.08333333333333333,0.56,0.09166666666666666,0.075
64100,21.715940055847167,0.08333333333333333,0.56,0.09166666666666666,0.075
64200,20.309456133842467,0.08333333333333333,0.56,0.09166666666666666,0.075
64300,20.250492939949037,0.08333333333333333,0.56,0.09166666666666666,0.075
64400,20.549504818916322,0.08333333333333333,0.56,0.09166666666666666,0.075
64500,20.241985697746276,0.08333333333333333,0.56,0.09166666666666666,0.075
64600,19.41847155094147,0.08333333333333333,0.56,0.09166666666666666,0.075
64700,20.917902607917785,0.08333333333333333,0.56,0.09166666666666666,0.075
64800,20.819973998069763,0.08333333333333333,0.56,0.09166666666666666,0.075
64900,21.704805383682253,0.08333333333333333,0.56,0.09166666666666666,0.075
65000,21.69742739677429,0.08333333333333333,0.56,0.09166666666666666,0.075
65100,21.258533778190614,0.08333333333333333,0.56,0.09166666666666666,0.075
65200,22.17324312210083,0.08333333333333333,0.56,0.09166666666666666,0.075
65300,21.493933463096617,0.08333333333333333,0.56,0.09166666666666666,0.075
65400,21.323377311229706,0.08333333333333333,0.56,0.09166666666666666,0.075
65500,21.149502534866333,0.08333333333333333,0.56,0.09166666666666666,0.075
65600,20.082545664310455,0.08333333333333333,0.56,0.09166666666666666,0.075
65700,20.718455781936644,0.08333333333333333,0.56,0.09166666666666666,0.075
65800,19.66546418428421,0.08333333333333333,0.56,0.09166666666666666,0.075
65900,20.224971084594728,0.08333333333333333,0.56,0.09166666666666666,0.075
66000,21.577105026245118,0.08333333333333333,0.56,0.09166666666666666,0.075
66100,20.864874877929687,0.08333333333333333,0.56,0.09166666666666666,0.075
66200,20.86725206851959,0.08333333333333333,0.56,0.09166666666666666,0.075
66300,21.059186735153197,0.08333333333333333,0.56,0.09166666666666666,0.075
66400,20.548374581336976,0.08333333333333333,0.56,0.09166666666666666,0.075
66500,20.335984921455385,0.08333333333333333,0.56,0.09166666666666666,0.075
66600,21.952988991737367,0.08333333333333333,0.56,0.09166666666666666,0.075
66700,21.02023575305939,0.08333333333333333,0.56,0.09166666666666666,0.075
66800,19.438177642822264,0.08333333333333333,0.56,0.09166666666666666,0.075
66900,19.782469844818117,0.08333333333333333,0.56,0.09166666666666666,0.075
67000,20.67163309574127,0.08333333333333333,0.56,0.09166666666666666,0.075
67100,21.694923725128174,0.08333333333333333,0.56,0.09166666666666666,0.075
67200,19.798132486343384,0.08333333333333333,0.56,0.09166666666666666,0.075
67300,21.33600652217865,0.08333333333333333,0.56,0.09166666666666666,0.075
67400,20.825003232955932,0.08333333333333333,0.56,0.09166666666666666,0.075
67500,21.90261549949646,0.08333333333333333,0.56,0.09166666666666666,0.075
67600,19.745415165424347,0.08333333333333333,0.56,0.09166666666666666,0.075
67700,19.675353404283523,0.08333333333333333,0.56,0.09166666666666666,0.075
67800,21.82567600250244,0.08333333333333333,0.56,0.09166666666666666,0.075
67900,20.674224066734315,0.08333333333333333,0.56,0.09166666666666666,0.075
68000,20.37309091091156,0.08333333333333333,0.56,0.09166666666666666,0.075
68100,19.44430806040764,0.08333333333333333,0.56,0.09166666666666666,0.075
68200,19.999631297588348,0.08333333333333333,0.56,0.09166666666666666,0.075
68300,20.26673439979553,0.08333333333333333,0.56,0.09166666666666666,0.075
68400,22.231604075431825,0.08333333333333333,0.56,0.09166666666666666,0.075
68500,20.07643307685852,0.08333333333333333,0.56,0.09166666666666666,0.075
68600,19.408635630607606,0.08333333333333333,0.56,0.09166666666666666,0.075
68700,20.572645621299742,0.08333333333333333,0.56,0.09166666666666666,0.075
68800,21.394286580085755,0.08333333333333333,0.56,0.09166666666666666,0.075
68900,21.21823587536812,0.08333333333333333,0.56,0.09166666666666666,0.075
69000,19.524535689353943,0.08333333333333333,0.56,0.09166666666666666,0.075
69100,21.904663400650023,0.08333333333333333,0.56,0.09166666666666666,0.075
69200,21.305429954528808,0.08333333333333333,0.56,0.09166666666666666,0.075
69300,19.56202356338501,0.08333333333333333,0.56,0.09166666666666666,0.075
69400,20.069436995983125,0.08333333333333333,0.56,0.09166666666666666,0.075
69500,20.31285787343979,0.08333333333333333,0.56,0.09166666666666666,0.075
69600,19.411816439628602,0.08333333333333333,0.56,0.09166666666666666,0.075
69700,21.979547519683837,0.08333333333333333,0.56,0.09166666666666666,0.075
69800,21.014058265686035,0.08333333333333333,0.56,0.09166666666666666,0.075
69900,22.263534197807314,0.08333333333333333,0.56,0.09166666666666666,0.075
70000,20.914917068481444,0.08333333333333333,0.56,0.09166666666666666,0.075
70100,20.265984649658204,0.08333333333333333,0.56,0.09166666666666666,0.075
70200,19.76698598384857,0.08333333333333333,0.56,0.09166666666666666,0.075
70300,19.269134726524353,0.08333333333333333,0.56,0.09166666666666666,0.075
70400,21.501393637657166,0.08333333333333333,0.56,0.09166666666666666,0.075
70500,20.77510873794556,0.08333333333333333,0.56,0.09166666666666666,0.075
70600,22.605638613700865,0.08333333333333333,0.56,0.09166666666666666,0.075
70700,21.01786426305771,0.08333333333333333,0.56,0.09166666666666666,0.075
70800,21.321476044654847,0.08333333333333333,0.56,0.09166666666666666,0.075
70900,23.41174587249756,0.08333333333333333,0.56,0.09166666666666666,0.075
71000,21.396222448349,0.08333333333333333,0.56,0.09166666666666666,0.075
71100,22.219356899261474,0.08333333333333333,0.56,0.09166666666666666,0.075
71200,20.710788445472716,0.08333333333333333,0.56,0.09166666666666666,0.075
71300,22.46498601913452,0.08333333333333333,0.56,0.09166666666666666,0.075
71400,21.09424313545227,0.08333333333333333,0.56,0.09166666666666666,0.075
71500,20.383484873771668,0.08333333333333333,0.56,0.09166666666666666,0.075
71600,20.506023859977724,0.08333333333333333,0.56,0.09166666666666666,0.075
71700,20.050890827178954,0.08333333333333333,0.56,0.09166666666666666,0.075
71800,20.655903897285462,0.08333333333333333,0.56,0.09166666666666666,0.075
71900,20.55315411567688,0.08333333333333333,0.56,0.09166666666666666,0.075
72000,21.827001781463622,0.08333333333333333,0.56,0.09166666666666666,0.075
72100,20.507059020996095,0.08333333333333333,0.56,0.09166666666666666,0.075
72200,20.09640588760376,0.08333333333333333,0.56,0.09166666666666666,0.075
72300,20.015340604782104,0.08333333333333333,0.56,0.09166666666666666,0.075
72400,22.810308713912963,0.08333333333333333,0.56,0.09166666666666666,0.075
72500,18.980578145980836,0.08333333333333333,0.56,0.09166666666666666,0.075
