100,25.16887493133545,0.3269444444444446,0.9163333333333333,0.3388888888888889,0.3149999999999999
200,23.126965312957765,0.32916666666666666,0.9383333333333332,0.3316666666666667,0.32666666666666677
300,23.045030345916746,0.3152777777777778,0.8903333333333332,0.32222222222222224,0.3083333333333334
400,23.628681926727296,0.29138888888888886,0.8916666666666665,0.29444444444444445,0.2883333333333333
500,22.71796157836914,0.2813888888888888,0.9003333333333334,0.2844444444444444,0.27833333333333327
600,22.266431512832643,0.2897222222222222,0.8986666666666667,0.28444444444444444,0.29499999999999993
700,22.203532218933105,0.29444444444444445,0.906666666666667,0.29555555555555557,0.2933333333333333
800,22.111399202346803,0.27638888888888885,0.8956666666666666,0.27944444444444444,0.2733333333333333
900,21.995522804260254,0.28388888888888886,0.9356666666666665,0.2911111111111111,0.2766666666666666
1000,21.696693191528322,0.24916666666666668,0.8796666666666668,0.2516666666666667,0.24666666666666673
1100,21.04261887550354,0.26055555555555554,0.8743333333333333,0.2644444444444444,0.2566666666666667
1200,20.82553819656372,0.25111111111111106,0.8620000000000001,0.2505555555555555,0.2516666666666666
1300,20.147876071929932,0.24500000000000002,0.8136666666666669,0.24833333333333327,0.24166666666666664
1400,20.42602633476257,0.24444444444444444,0.8656666666666667,0.2472222222222223,0.24166666666666672
1500,20.280321493148804,0.26249999999999996,0.847,0.26666666666666666,0.2583333333333333
1600,19.931166772842406,0.24416666666666667,0.8670000000000002,0.2516666666666667,0.2366666666666667
1700,20.247983264923096,0.24944444444444444,0.8026666666666668,0.25222222222222224,0.2466666666666667
1800,19.047330837249756,0.2344444444444444,0.8590000000000001,0.2388888888888889,0.23
1900,20.398668966293336,0.23472222222222222,0.8230000000000002,0.23277777777777783,0.2366666666666667
2000,19.697570114135743,0.23694444444444449,0.8756666666666667,0.2355555555555556,0.23833333333333337
2100,20.1702782535553,0.23222222222222222,0.8896666666666666,0.2344444444444445,0.23000000000000004
2200,18.832454080581666,0.24111111111111108,0.8303333333333331,0.2455555555555556,0.23666666666666672
2300,18.71228448867798,0.23555555555555555,0.8799999999999998,0.2394444444444445,0.23166666666666672
2400,19.261042823791502,0.2072222222222222,0.8263333333333336,0.20944444444444446,0.205
2500,18.878548889160157,0.22861111111111107,0.8373333333333333,0.23388888888888895,0.22333333333333336
2600,19.237406539916993,0.2341666666666666,0.8073333333333336,0.22999999999999998,0.23833333333333334
2700,19.15389633178711,0.23944444444444452,0.8226666666666669,0.24055555555555558,0.2383333333333334
2800,18.30938587665558,0.20861111111111103,0.8693333333333332,0.21055555555555558,0.2066666666666667
2900,17.655847864151,0.21944444444444447,0.8753333333333332,0.21722222222222226,0.22166666666666676
3000,18.139317264556883,0.2094444444444444,0.7923333333333333,0.21388888888888885,0.205
3100,18.380066642761232,0.22527777777777774,0.8256666666666663,0.2338888888888889,0.2166666666666667
3200,18.413211059570312,0.2305555555555556,0.8430000000000001,0.22944444444444448,0.23166666666666672
3300,19.13630925655365,0.23861111111111116,0.853,0.24055555555555558,0.23666666666666672
3400,17.77397776603699,0.2236111111111111,0.8483333333333334,0.2222222222222222,0.22500000000000003
3500,18.564124240875245,0.22138888888888889,0.8503333333333333,0.2211111111111111,0.22166666666666668
3600,17.820901303291322,0.21861111111111114,0.8190000000000001,0.21722222222222226,0.22000000000000006
3700,18.168319711685182,0.2516666666666667,0.8476666666666669,0.25500000000000006,0.24833333333333338
3800,18.808648042678833,0.2227777777777778,0.8106666666666668,0.22388888888888892,0.2216666666666667
3900,18.282742958068848,0.23611111111111113,0.8323333333333334,0.23888888888888887,0.23333333333333336
4000,17.39604615688324,0.21305555555555555,0.8513333333333335,0.21611111111111103,0.21000000000000002
4100,17.34920440196991,0.21166666666666664,0.8826666666666667,0.21333333333333337,0.21000000000000002
4200,17.600172843933105,0.21805555555555553,0.865666666666667,0.2227777777777778,0.21333333333333332
4300,17.106829619407655,0.21611111111111111,0.8366666666666668,0.21722222222222223,0.215
4400,18.022036294937134,0.18111111111111108,0.768,0.18055555555555555,0.18166666666666667
4500,18.136061844825743,0.20027777777777775,0.8089999999999999,0.20055555555555557,0.2
4600,17.01858542919159,0.20805555555555552,0.8486666666666667,0.2144444444444444,0.20166666666666666
4700,17.311590757369995,0.18499999999999997,0.7183333333333333,0.18999999999999997,0.18
4800,16.966590447425844,0.2105555555555555,0.8443333333333335,0.21277777777777773,0.20833333333333337
4900,17.870296082496644,0.21361111111111108,0.8433333333333334,0.2122222222222222,0.21500000000000002
5000,18.853752264976503,0.19277777777777774,0.8353333333333334,0.1988888888888889,0.18666666666666668
5100,15.551651391983032,0.18861111111111112,0.7713333333333334,0.18888888888888894,0.18833333333333338
5200,17.200787596702575,0.20666666666666664,0.8350000000000001,0.20833333333333334,0.20500000000000002
5300,16.74906387805939,0.18222222222222217,0.7896666666666667,0.18444444444444444,0.18
5400,15.894927673339843,0.18805555555555548,0.8100000000000002,0.19111111111111115,0.18500000000000003
5500,16.37769416332245,0.19833333333333333,0.7690000000000001,0.20166666666666663,0.195
5600,15.57031512260437,0.1761111111111111,0.7463333333333335,0.18222222222222226,0.17
5700,16.103950099945067,0.18749999999999997,0.8083333333333335,0.18833333333333332,0.18666666666666665
5800,15.798712902069092,0.19166666666666662,0.7516666666666667,0.1916666666666667,0.19166666666666668
5900,15.332037286758423,0.1991666666666667,0.7723333333333335,0.19833333333333333,0.20000000000000004
6000,15.94145583152771,0.23583333333333337,0.859,0.24333333333333337,0.22833333333333342
6100,15.277286043167114,0.17416666666666666,0.8129999999999998,0.17833333333333334,0.17
6200,15.231106104850769,0.18000000000000002,0.7730000000000001,0.18333333333333338,0.1766666666666667
6300,15.420518102645874,0.21666666666666665,0.8059999999999999,0.22166666666666668,0.21166666666666673
6400,16.641401476860047,0.18527777777777782,0.7889999999999998,0.18888888888888894,0.1816666666666667
6500,15.426877703666687,0.1877777777777778,0.7549999999999998,0.18722222222222223,0.18833333333333338
6600,15.783545269966126,0.2025,0.8120000000000002,0.2033333333333333,0.20166666666666672
6700,15.385792722702027,0.19888888888888887,0.8200000000000003,0.1977777777777778,0.20000000000000007
6800,15.62830265045166,0.17750000000000005,0.7799999999999999,0.1766666666666667,0.17833333333333334
6900,15.769407167434693,0.18583333333333332,0.7470000000000001,0.18666666666666665,0.18499999999999997
7000,14.455972084999084,0.19527777777777777,0.7419999999999999,0.19555555555555554,0.195
7100,14.905116720199585,0.18166666666666664,0.7806666666666666,0.18333333333333338,0.18000000000000002
7200,15.622180571556092,0.1911111111111111,0.7666666666666665,0.1955555555555556,0.18666666666666668
7300,15.085917029380798,0.19916666666666666,0.8443333333333334,0.1983333333333333,0.2
7400,15.503244194984436,0.19499999999999998,0.7856666666666666,0.1983333333333333,0.19166666666666668
7500,14.288862309455872,0.18277777777777776,0.767,0.1838888888888889,0.18166666666666667
7600,14.597802834510803,0.18777777777777782,0.7680000000000001,0.18888888888888894,0.18666666666666668
7700,15.58531399488449,0.18361111111111114,0.7810000000000001,0.18222222222222226,0.18500000000000003
7800,16.181177816390992,0.1875,0.7973333333333336,0.19166666666666668,0.1833333333333334
7900,15.233136219978332,0.19333333333333333,0.7773333333333334,0.1966666666666667,0.19000000000000003
8000,15.299689121246338,0.17444444444444437,0.7933333333333333,0.17388888888888884,0.175
8100,15.292917065620422,0.16666666666666666,0.7833333333333332,0.165,0.16833333333333336
8200,14.786671619415284,0.19777777777777777,0.8013333333333335,0.1988888888888889,0.19666666666666666
8300,13.831961607933044,0.17583333333333334,0.7423333333333333,0.1766666666666667,0.17500000000000002
8400,16.247412614822387,0.1811111111111111,0.7846666666666666,0.1838888888888889,0.17833333333333337
8500,15.70382731437683,0.1769444444444445,0.8286666666666668,0.17888888888888888,0.17500000000000007
8600,14.329176123142242,0.18499999999999991,0.8056666666666665,0.1883333333333333,0.1816666666666666
8700,15.523635001182557,0.1797222222222222,0.7793333333333334,0.17777777777777776,0.18166666666666667
8800,14.786960029602051,0.17555555555555555,0.7486666666666667,0.1744444444444445,0.17666666666666667
8900,15.516109926700592,0.17861111111111114,0.7846666666666668,0.17722222222222228,0.18000000000000008
9000,14.950987393856048,0.17305555555555555,0.7296666666666667,0.1761111111111111,0.16999999999999998
9100,15.518563313484192,0.1725,0.7780000000000002,0.1733333333333333,0.17166666666666666
9200,14.337704520225525,0.1805555555555555,0.748,0.1827777777777778,0.17833333333333337
9300,14.335488984584808,0.18111111111111108,0.8603333333333336,0.18222222222222223,0.18
9400,14.79891221523285,0.18166666666666662,0.771,0.18666666666666668,0.17666666666666672
9500,15.090022068023682,0.17250000000000001,0.7740000000000001,0.1716666666666667,0.17333333333333337
9600,14.368662996292114,0.16944444444444443,0.7590000000000002,0.17055555555555557,0.16833333333333333
9700,15.317043843269348,0.16916666666666666,0.795,0.16833333333333333,0.17
9800,15.309009852409362,0.17055555555555557,0.7326666666666664,0.17111111111111113,0.17
9900,14.64946124792099,0.16277777777777774,0.7446666666666666,0.16222222222222224,0.1633333333333333
10000,14.162886147499085,0.19527777777777777,0.7963333333333332,0.1988888888888889,0.19166666666666674
10100,14.529862484931947,0.15722222222222224,0.751,0.15944444444444442,0.155
10200,14.174097430706023,0.1494444444444444,0.7473333333333334,0.1522222222222222,0.1466666666666666
10300,14.314634487628936,0.16277777777777777,0.7043333333333334,0.1638888888888889,0.16166666666666663
10400,13.270857231616974,0.15861111111111112,0.736,0.16555555555555554,0.15166666666666667
10500,14.015479927062989,0.1622222222222222,0.7316666666666669,0.16611111111111113,0.1583333333333333
10600,14.026502900123596,0.16388888888888883,0.7286666666666667,0.16277777777777777,0.16499999999999998
10700,15.03203284740448,0.1575,0.7686666666666667,0.15833333333333333,0.15666666666666668
10800,13.218872394561767,0.16361111111111107,0.7523333333333336,0.16222222222222224,0.165
10900,13.58321771621704,0.15333333333333332,0.7310000000000001,0.15333333333333332,0.15333333333333332
11000,13.724875643253327,0.15666666666666668,0.738,0.15666666666666668,0.15666666666666668
11100,14.26257683992386,0.1652777777777778,0.6979999999999998,0.16722222222222224,0.16333333333333336
11200,13.279903960227966,0.17277777777777778,0.7353333333333332,0.17055555555555557,0.17500000000000007
11300,13.31904458284378,0.16777777777777775,0.7446666666666669,0.17055555555555557,0.16499999999999998
11400,13.898706169128419,0.1561111111111111,0.6946666666666667,0.15555555555555553,0.15666666666666668
11500,13.057106857299805,0.15249999999999997,0.7083333333333333,0.15666666666666665,0.14833333333333332
11600,14.262736997604371,0.15666666666666662,0.7026666666666664,0.16,0.1533333333333333
11700,14.21041256904602,0.15388888888888888,0.7143333333333334,0.15611111111111112,0.1516666666666667
11800,12.90407986164093,0.16694444444444445,0.7249999999999999,0.17055555555555554,0.16333333333333336
11900,13.986083707809449,0.1583333333333333,0.7453333333333335,0.16166666666666665,0.155
12000,14.170774450302124,0.1633333333333333,0.7023333333333334,0.16500000000000004,0.16166666666666665
12100,13.528014283180237,0.1638888888888889,0.6923333333333334,0.15944444444444442,0.16833333333333333
12200,13.724547357559205,0.15777777777777774,0.7093333333333333,0.15888888888888886,0.15666666666666665
12300,13.70972858428955,0.16999999999999998,0.7626666666666668,0.17166666666666666,0.16833333333333336
12400,13.386002283096314,0.15694444444444441,0.7113333333333335,0.1572222222222222,0.15666666666666662
12500,13.566357693672181,0.1636111111111111,0.7199999999999996,0.1655555555555556,0.1616666666666667
12600,12.849789247512817,0.1658333333333333,0.7293333333333333,0.16499999999999998,0.16666666666666666
12700,13.362493696212768,0.16333333333333336,0.7546666666666667,0.165,0.16166666666666665
12800,13.890603847503662,0.15527777777777776,0.7203333333333333,0.15888888888888894,0.1516666666666667
12900,14.379159712791443,0.1575,0.7113333333333334,0.15833333333333333,0.15666666666666668
13000,12.956419034004211,0.1441666666666666,0.7256666666666667,0.14833333333333332,0.13999999999999999
13100,13.81840750694275,0.15944444444444442,0.7016666666666667,0.15888888888888886,0.15999999999999998
13200,13.457850995063781,0.14916666666666664,0.7233333333333335,0.15,0.1483333333333333
13300,13.2180126953125,0.16055555555555548,0.7170000000000001,0.16444444444444442,0.15666666666666665
13400,13.753503272533417,0.1633333333333333,0.7623333333333335,0.16666666666666669,0.16
13500,14.092141802310943,0.15555555555555556,0.7223333333333334,0.1527777777777778,0.15833333333333333
13600,14.194180488586426,0.15638888888888888,0.7006666666666665,0.15944444444444444,0.15333333333333332
13700,13.653244915008544,0.15666666666666668,0.7216666666666666,0.16000000000000003,0.15333333333333335
13800,13.787233879566193,0.1605555555555556,0.7399999999999999,0.15944444444444447,0.16166666666666668
13900,14.273686904907226,0.15277777777777776,0.7249999999999999,0.15555555555555553,0.14999999999999997
14000,12.68419772028923,0.16277777777777774,0.7663333333333332,0.1622222222222222,0.1633333333333333
14100,13.87794129371643,0.16250000000000003,0.7520000000000001,0.16500000000000004,0.16000000000000003
14200,13.271382279396057,0.15527777777777776,0.7583333333333334,0.15388888888888888,0.15666666666666668
14300,13.42418511390686,0.15499999999999997,0.6920000000000002,0.15666666666666665,0.15333333333333332
14400,13.453981261253357,0.15972222222222224,0.7039999999999998,0.1594444444444445,0.16
14500,13.459914741516114,0.14972222222222223,0.7366666666666666,0.15277777777777776,0.14666666666666664
14600,12.369193971157074,0.14611111111111105,0.7080000000000001,0.14888888888888882,0.14333333333333328
14700,13.912898910045623,0.16416666666666668,0.7360000000000001,0.16500000000000004,0.16333333333333336
14800,13.687082571983337,0.15916666666666668,0.6940000000000002,0.16166666666666665,0.15666666666666668
14900,13.49329584121704,0.16444444444444442,0.7313333333333334,0.16388888888888892,0.16500000000000004
15000,13.813910830020905,0.16027777777777777,0.7266666666666667,0.16055555555555553,0.16
15100,12.926831698417663,0.14861111111111114,0.706,0.1488888888888889,0.14833333333333334
15200,13.617722535133362,0.14222222222222222,0.7169999999999999,0.14277777777777778,0.14166666666666664
15300,13.60209145784378,0.14611111111111103,0.7133333333333334,0.14722222222222223,0.145
15400,12.852135260105133,0.1447222222222222,0.7150000000000001,0.1461111111111111,0.14333333333333334
15500,12.799824798107148,0.15138888888888888,0.6926666666666667,0.15444444444444444,0.14833333333333332
15600,12.485775923728943,0.1497222222222222,0.712,0.14944444444444444,0.14999999999999997
15700,13.328256728649139,0.1575,0.6933333333333335,0.1583333333333333,0.15666666666666662
15800,13.14395926952362,0.15555555555555553,0.7213333333333335,0.15444444444444444,0.15666666666666665
15900,13.763613259792328,0.15833333333333333,0.7063333333333334,0.1583333333333333,0.15833333333333333
16000,12.602261846065522,0.14777777777777776,0.7239999999999998,0.15055555555555553,0.145
16100,12.869858343601226,0.14666666666666667,0.7196666666666668,0.15000000000000002,0.14333333333333334
16200,12.85830899477005,0.15333333333333335,0.7136666666666667,0.15333333333333338,0.15333333333333335
16300,13.679113204479217,0.15166666666666664,0.7196666666666667,0.15166666666666667,0.1516666666666666
16400,13.073388271331787,0.15416666666666665,0.7216666666666669,0.15333333333333332,0.15499999999999994
16500,13.79817578315735,0.14972222222222217,0.6956666666666668,0.15277777777777776,0.1466666666666666
16600,13.41623893737793,0.15666666666666668,0.7759999999999999,0.15999999999999995,0.15333333333333327
16700,12.832949347496033,0.1438888888888889,0.7100000000000001,0.14944444444444446,0.1383333333333333
16800,13.825328006744385,0.1491666666666667,0.7183333333333334,0.1516666666666667,0.14666666666666667
16900,13.15153907775879,0.14083333333333334,0.7286666666666668,0.14333333333333337,0.13833333333333334
17000,12.985132079124451,0.15472222222222218,0.6933333333333335,0.15611111111111112,0.15333333333333332
17100,12.986348326206206,0.14638888888888885,0.7100000000000001,0.1461111111111111,0.14666666666666667
17200,12.972855095863343,0.1522222222222222,0.7173333333333333,0.15444444444444444,0.14999999999999997
17300,13.211322979927063,0.1602777777777778,0.7166666666666667,0.1622222222222222,0.15833333333333335
17400,13.60796109199524,0.1583333333333333,0.7066666666666667,0.16000000000000003,0.15666666666666668
17500,13.004991912841797,0.15638888888888886,0.6893333333333332,0.15777777777777777,0.155
17600,12.690130703449249,0.14805555555555558,0.7123333333333334,0.15111111111111114,0.14499999999999996
17700,13.0516887652874,0.1563888888888889,0.712,0.15444444444444447,0.15833333333333333
17800,13.747534856796264,0.14833333333333332,0.7026666666666667,0.14999999999999997,0.1466666666666666
17900,13.357068812847137,0.14666666666666667,0.7330000000000002,0.14833333333333334,0.145
18000,12.344523693323135,0.15638888888888888,0.7276666666666667,0.15444444444444447,0.15833333333333333
18100,12.96049992084503,0.1519444444444444,0.7133333333333334,0.15055555555555553,0.15333333333333332
18200,12.589295830726623,0.1475,0.6950000000000001,0.14999999999999997,0.145
18300,12.224367158412933,0.15499999999999994,0.7446666666666667,0.155,0.155
18400,13.047279629707337,0.15055555555555555,0.7113333333333336,0.1511111111111111,0.15
18500,12.353931448459626,0.14361111111111108,0.7096666666666666,0.14555555555555558,0.14166666666666664
18600,12.363568322658539,0.14138888888888887,0.7053333333333334,0.14277777777777775,0.14
18700,13.144930299520492,0.15416666666666667,0.7366666666666667,0.15666666666666665,0.15166666666666667
18800,12.727061257362365,0.15472222222222218,0.6946666666666664,0.15611111111111112,0.15333333333333332
18900,13.390191719532012,0.1511111111111111,0.7173333333333336,0.15555555555555553,0.14666666666666667
19000,13.971028625965118,0.15194444444444438,0.7370000000000001,0.15222222222222218,0.15166666666666667
19100,13.275286235809325,0.1422222222222222,0.7456666666666668,0.14777777777777776,0.13666666666666666
19200,13.72205079317093,0.15583333333333335,0.7159999999999999,0.1566666666666667,0.155
19300,13.099718232154846,0.14916666666666664,0.7116666666666668,0.15,0.14833333333333334
19400,12.573455584049224,0.1519444444444444,0.6963333333333334,0.15388888888888888,0.15
19500,13.528314571380616,0.1447222222222222,0.7153333333333335,0.14611111111111114,0.14333333333333334
19600,13.150850570201873,0.13972222222222222,0.7413333333333335,0.14444444444444446,0.13499999999999998
19700,12.480500769615173,0.15472222222222223,0.7316666666666667,0.1527777777777778,0.15666666666666665
19800,12.96352898478508,0.1519444444444444,0.7133333333333334,0.15222222222222223,0.15166666666666667
19900,12.408890714645386,0.1497222222222222,0.7216666666666666,0.14777777777777776,0.15166666666666667
20000,12.604796252250672,0.145,0.7040000000000002,0.14666666666666667,0.14333333333333334
20100,13.152281773090362,0.14027777777777778,0.7319999999999999,0.1388888888888889,0.14166666666666666
20200,12.846814866065978,0.14277777777777778,0.7113333333333335,0.14555555555555555,0.14
20300,13.19767126083374,0.13916666666666663,0.7293333333333333,0.14166666666666664,0.1366666666666667
20400,12.945762715339661,0.14444444444444443,0.7110000000000001,0.1438888888888889,0.14499999999999996
20500,12.119993710517884,0.14138888888888887,0.6993333333333334,0.1444444444444444,0.1383333333333333
20600,12.881060512065888,0.14999999999999997,0.6973333333333334,0.15166666666666667,0.14833333333333334
20700,12.700457780361175,0.14666666666666664,0.7136666666666667,0.14666666666666664,0.14666666666666664
20800,13.13002130508423,0.14833333333333337,0.7346666666666667,0.15,0.14666666666666667
20900,13.331288197040557,0.13722222222222222,0.7256666666666668,0.13777777777777775,0.13666666666666663
21000,12.287153499126434,0.14916666666666661,0.6853333333333335,0.14833333333333334,0.15
21100,12.027967915534973,0.1486111111111111,0.6816666666666665,0.15055555555555553,0.14666666666666667
21200,12.811837301254272,0.14777777777777779,0.6926666666666667,0.1488888888888889,0.14666666666666667
21300,13.240376722812652,0.14666666666666664,0.7193333333333334,0.1483333333333333,0.14499999999999996
21400,11.858198112249374,0.14055555555555552,0.7140000000000001,0.14277777777777778,0.1383333333333333
21500,12.946979739665984,0.15166666666666667,0.7280000000000001,0.15166666666666667,0.1516666666666667
21600,13.146074192523956,0.1502777777777778,0.7153333333333333,0.1522222222222222,0.14833333333333334
21700,12.90324297428131,0.14583333333333331,0.7110000000000001,0.145,0.14666666666666664
21800,12.574754076004028,0.14527777777777776,0.6839999999999998,0.14555555555555558,0.14500000000000002
21900,12.414481976032256,0.15777777777777777,0.7026666666666667,0.16055555555555553,0.155
22000,11.535648956298829,0.14222222222222222,0.6873333333333335,0.14444444444444446,0.13999999999999999
22100,12.179093029499054,0.14416666666666667,0.7096666666666668,0.14500000000000002,0.14333333333333334
22200,13.833809418678284,0.1447222222222222,0.7506666666666667,0.14611111111111116,0.14333333333333334
22300,12.687261133193969,0.1408333333333333,0.7150000000000001,0.14333333333333334,0.1383333333333333
22400,12.795031441450119,0.14472222222222222,0.7073333333333335,0.1461111111111111,0.14333333333333334
22500,13.36907663345337,0.1413888888888889,0.6933333333333334,0.1427777777777778,0.14
22600,12.795627191066743,0.15194444444444447,0.7043333333333334,0.15055555555555553,0.15333333333333332
22700,12.92619034767151,0.15055555555555555,0.7206666666666668,0.1527777777777778,0.14833333333333332
22800,13.086688919067383,0.14833333333333334,0.725,0.14833333333333334,0.14833333333333334
22900,12.556168806552886,0.14055555555555552,0.7133333333333334,0.14444444444444446,0.13666666666666666
23000,12.096219799518586,0.1361111111111111,0.6880000000000001,0.13722222222222222,0.13499999999999995
23100,13.545740106105804,0.15083333333333332,0.708,0.15,0.15166666666666664
23200,12.913161120414735,0.13777777777777775,0.7126666666666668,0.1388888888888889,0.13666666666666666
23300,13.461490325927734,0.1422222222222222,0.7426666666666665,0.14277777777777778,0.14166666666666664
23400,12.397281665802002,0.15277777777777776,0.7136666666666667,0.15388888888888888,0.1516666666666667
23500,13.451422460079193,0.14833333333333334,0.7226666666666668,0.14666666666666667,0.15
23600,13.777719106674194,0.1497222222222222,0.7196666666666666,0.15111111111111114,0.14833333333333334
23700,12.266138379573823,0.1413888888888889,0.715,0.1427777777777778,0.14
23800,13.452734189033508,0.1522222222222222,0.7136666666666667,0.1527777777777778,0.15166666666666667
23900,12.486403567790985,0.1444444444444444,0.7200000000000002,0.14388888888888887,0.14500000000000002
24000,12.872913147211074,0.15249999999999997,0.7243333333333333,0.15333333333333332,0.1516666666666667
24100,12.58497587442398,0.15583333333333335,0.7040000000000002,0.15666666666666668,0.155
24200,12.086016631126403,0.1441666666666667,0.6963333333333332,0.14500000000000002,0.14333333333333334
24300,13.012950024604798,0.1511111111111111,0.7150000000000001,0.1522222222222222,0.14999999999999997
24400,12.523083555698395,0.14749999999999996,0.7096666666666668,0.14833333333333334,0.14666666666666667
24500,12.324563927650452,0.1475,0.7086666666666667,0.14833333333333332,0.14666666666666664
24600,12.804390830993652,0.1386111111111111,0.7013333333333335,0.13722222222222222,0.13999999999999999
24700,13.581136956214905,0.13888888888888887,0.7206666666666666,0.1361111111111111,0.14166666666666666
24800,13.476245574951172,0.1447222222222222,0.7176666666666667,0.14611111111111114,0.14333333333333334
24900,12.96428185224533,0.14638888888888893,0.7206666666666666,0.14777777777777779,0.14500000000000002
25000,12.769625129699707,0.14111111111111108,0.7243333333333336,0.14222222222222222,0.13999999999999999
25100,13.396867380142211,0.14583333333333334,0.7036666666666667,0.14666666666666667,0.145
25200,12.259773406982422,0.13999999999999999,0.7026666666666664,0.14,0.13999999999999996
25300,12.774944777488708,0.15305555555555553,0.6896666666666665,0.15777777777777777,0.14833333333333334
25400,12.89803209066391,0.1408333333333333,0.7223333333333334,0.14166666666666666,0.13999999999999999
25500,13.366822953224181,0.13749999999999998,0.7213333333333333,0.14000000000000004,0.13499999999999995
25600,12.507913775444031,0.1386111111111111,0.7106666666666667,0.14055555555555552,0.1366666666666667
25700,12.639785361289977,0.145,0.7043333333333334,0.14500000000000002,0.145
25800,12.36642072081566,0.13944444444444445,0.7046666666666667,0.1388888888888889,0.14
25900,12.28061858177185,0.13805555555555554,0.7066666666666666,0.13944444444444445,0.13666666666666666
26000,12.994069223403931,0.145,0.7110000000000001,0.14666666666666667,0.14333333333333334
26100,13.03435222864151,0.14055555555555557,0.7140000000000001,0.14277777777777778,0.1383333333333333
26200,13.470962455272675,0.14166666666666666,0.7196666666666667,0.14333333333333337,0.13999999999999999
26300,13.426148223876954,0.14055555555555557,0.7106666666666667,0.14277777777777778,0.1383333333333333
26400,12.386308643817902,0.13999999999999999,0.6946666666666668,0.14,0.13999999999999999
26500,13.250671336650848,0.14277777777777778,0.7180000000000002,0.14555555555555558,0.13999999999999999
26600,11.835722076892853,0.14444444444444443,0.6900000000000002,0.14722222222222223,0.14166666666666664
26700,12.463896732330323,0.14027777777777778,0.695,0.14055555555555552,0.14
26800,12.347060315608978,0.14500000000000002,0.6936666666666667,0.14666666666666667,0.14333333333333334
26900,13.11392184972763,0.14722222222222223,0.69,0.14444444444444446,0.15000000000000002
27000,14.02647846698761,0.1425,0.7100000000000001,0.14166666666666666,0.14333333333333334
27100,12.1515746819973,0.13888888888888884,0.7106666666666667,0.13944444444444443,0.1383333333333333
27200,13.446490762233735,0.14388888888888887,0.7126666666666668,0.14277777777777778,0.14500000000000002
27300,13.227358453273773,0.14833333333333334,0.705,0.15166666666666667,0.145
27400,12.775279467105866,0.15027777777777776,0.706,0.14888888888888893,0.15166666666666667
27500,12.684617457389832,0.1461111111111111,0.7186666666666667,0.14722222222222225,0.14500000000000002
27600,12.333594512939452,0.1488888888888889,0.7133333333333334,0.14944444444444444,0.14833333333333334
27700,12.873196761608124,0.14694444444444443,0.711,0.14555555555555558,0.14833333333333334
27800,11.812786941528321,0.14416666666666664,0.6970000000000002,0.14333333333333334,0.145
27900,12.85295837879181,0.14194444444444443,0.6966666666666664,0.1438888888888889,0.14
28000,12.281496863365174,0.14277777777777778,0.7046666666666667,0.14722222222222223,0.1383333333333333
28100,12.032340230941772,0.15055555555555555,0.684,0.15111111111111114,0.15
28200,12.421367304325104,0.1497222222222222,0.7020000000000001,0.15444444444444444,0.14500000000000002
28300,12.046420876979829,0.14694444444444443,0.7013333333333336,0.14722222222222223,0.14666666666666664
28400,12.894435822963715,0.1436111111111111,0.7366666666666668,0.1438888888888889,0.14333333333333334
28500,12.658808069229126,0.14500000000000002,0.7046666666666667,0.14833333333333334,0.14166666666666666
28600,13.673250620365144,0.14916666666666661,0.7063333333333334,0.14833333333333334,0.15000000000000002
28700,13.363690090179443,0.1511111111111111,0.7143333333333335,0.15055555555555555,0.1516666666666667
28800,12.55355410695076,0.14749999999999996,0.6996666666666669,0.14500000000000002,0.15
28900,12.341386060714722,0.14444444444444446,0.6853333333333335,0.1438888888888889,0.14500000000000002
29000,13.02552549123764,0.14416666666666664,0.7010000000000002,0.14500000000000002,0.14333333333333328
29100,11.650914249420167,0.14055555555555557,0.6996666666666667,0.13944444444444445,0.14166666666666666
29200,13.337699284553528,0.14361111111111108,0.7153333333333333,0.14555555555555558,0.14166666666666666
29300,12.850108585357667,0.14222222222222222,0.7036666666666668,0.14444444444444443,0.13999999999999999
29400,12.033401715755463,0.13944444444444445,0.699,0.14055555555555557,0.1383333333333333
29500,12.532435624599456,0.14333333333333334,0.7196666666666668,0.14166666666666666,0.145
29600,12.8044597697258,0.13972222222222225,0.7096666666666668,0.1377777777777778,0.1416666666666667
29700,12.893595118522644,0.14861111111111108,0.7233333333333335,0.14555555555555558,0.15166666666666667
29800,12.96948302268982,0.14722222222222223,0.7156666666666668,0.14611111111111114,0.14833333333333332
29900,12.622034106254578,0.14527777777777776,0.6990000000000002,0.14388888888888887,0.14666666666666667
30000,12.57457158267498,0.1411111111111111,0.7156666666666666,0.14222222222222222,0.14
30100,12.946206572055816,0.14527777777777778,0.7086666666666669,0.1438888888888889,0.14666666666666667
30200,11.416875250339508,0.14444444444444443,0.702666666666667,0.14555555555555558,0.14333333333333334
30300,12.527079968452453,0.14444444444444443,0.7016666666666665,0.14555555555555558,0.14333333333333334
30400,13.183338441848754,0.13944444444444445,0.7093333333333333,0.1388888888888889,0.13999999999999999
30500,12.13457637310028,0.14166666666666666,0.7006666666666669,0.14333333333333337,0.13999999999999999
30600,13.207866175174713,0.14500000000000002,0.7073333333333331,0.14666666666666667,0.14333333333333334
30700,12.556820768117905,0.14916666666666664,0.6953333333333335,0.14833333333333337,0.15
30800,13.10954414844513,0.14472222222222222,0.6983333333333331,0.1427777777777778,0.14666666666666667
30900,12.58180944442749,0.14694444444444446,0.7189999999999999,0.14722222222222225,0.14666666666666667
31000,12.709783124923707,0.14305555555555555,0.7053333333333335,0.14444444444444446,0.14166666666666666
31100,12.49268038034439,0.14527777777777776,0.7173333333333333,0.14555555555555558,0.145
31200,11.855618827342987,0.14333333333333334,0.7066666666666669,0.14500000000000002,0.14166666666666666
31300,12.641867904663085,0.14694444444444443,0.7050000000000002,0.1488888888888889,0.14500000000000002
31400,12.53457635641098,0.14388888888888887,0.7006666666666668,0.14611111111111114,0.14166666666666666
31500,12.260712685585021,0.14694444444444443,0.7036666666666668,0.1438888888888889,0.15
31600,13.146305274963378,0.14194444444444446,0.7040000000000002,0.14722222222222223,0.13666666666666666
31700,11.301379842758179,0.14388888888888887,0.7033333333333334,0.1411111111111111,0.14666666666666667
31800,11.8776131772995,0.1491666666666667,0.6926666666666669,0.15,0.14833333333333334
31900,13.085976157188416,0.14555555555555555,0.696,0.14777777777777779,0.14333333333333334
32000,12.83626121520996,0.14666666666666667,0.7113333333333335,0.14666666666666667,0.14666666666666667
32100,12.623215117454528,0.14305555555555555,0.6956666666666667,0.14777777777777779,0.1383333333333333
32200,13.007627546787262,0.14333333333333328,0.714,0.14166666666666666,0.145
32300,12.670982904434204,0.14472222222222222,0.7093333333333333,0.14444444444444446,0.145
32400,12.662796981334687,0.14333333333333334,0.7006666666666667,0.14333333333333334,0.14333333333333334
32500,12.408953659534454,0.14555555555555555,0.7026666666666664,0.14611111111111114,0.14500000000000002
32600,12.424929769039155,0.1425,0.6966666666666667,0.14500000000000002,0.13999999999999999
32700,12.511383137702943,0.14416666666666667,0.7053333333333331,0.14500000000000002,0.14333333333333334
32800,12.872184541225433,0.1436111111111111,0.7006666666666667,0.14555555555555558,0.14166666666666666
32900,12.670416641235352,0.1375,0.7003333333333333,0.14,0.13499999999999995
33000,12.165127325057984,0.14444444444444443,0.705,0.14222222222222225,0.14666666666666667
33100,12.956318600177765,0.14555555555555558,0.7083333333333333,0.14611111111111114,0.145
33200,12.198004281520843,0.14194444444444443,0.7103333333333332,0.14388888888888887,0.13999999999999999
33300,13.11012595653534,0.1422222222222222,0.7146666666666665,0.14444444444444443,0.13999999999999999
33400,12.698634324073792,0.13972222222222222,0.7189999999999999,0.1411111111111111,0.1383333333333333
33500,12.379952926635742,0.1422222222222222,0.7,0.14277777777777778,0.14166666666666666
33600,12.818993954658508,0.14444444444444443,0.6913333333333332,0.14555555555555558,0.14333333333333334
33700,12.812736003398895,0.14500000000000002,0.7113333333333335,0.14833333333333334,0.14166666666666666
33800,12.754823360443115,0.14333333333333334,0.7063333333333334,0.14333333333333334,0.14333333333333334
33900,12.923846731185913,0.13944444444444443,0.7133333333333336,0.14055555555555557,0.1383333333333333
34000,12.748828048706054,0.1386111111111111,0.7063333333333334,0.13888888888888887,0.1383333333333333
34100,12.51422604084015,0.14055555555555557,0.7080000000000001,0.14277777777777778,0.1383333333333333
34200,12.061807034015656,0.14166666666666666,0.7026666666666667,0.14,0.14333333333333337
34300,12.663621189594268,0.13999999999999999,0.7063333333333333,0.14166666666666666,0.1383333333333333
34400,12.753557178974152,0.14138888888888887,0.6990000000000001,0.14277777777777778,0.13999999999999999
34500,12.282665410041808,0.14444444444444443,0.7006666666666667,0.14722222222222223,0.14166666666666664
34600,12.179280333518982,0.14527777777777778,0.6933333333333332,0.14555555555555558,0.145
34700,11.98026394367218,0.14166666666666664,0.6933333333333336,0.14166666666666666,0.14166666666666664
34800,12.997063510417938,0.1466666666666667,0.6906666666666667,0.14666666666666667,0.14666666666666667
34900,13.001162996292114,0.13916666666666666,0.7006666666666665,0.14,0.1383333333333333
35000,12.176420257091522,0.14277777777777775,0.6920000000000001,0.14222222222222222,0.14333333333333334
35100,12.72240483045578,0.14444444444444443,0.6933333333333334,0.14555555555555558,0.14333333333333334
35200,11.261181342601777,0.14388888888888887,0.693,0.14277777777777778,0.145
35300,12.367403182983399,0.14055555555555557,0.6946666666666667,0.13944444444444445,0.14166666666666666
35400,12.13256180047989,0.14222222222222222,0.6920000000000002,0.1411111111111111,0.14333333333333334
35500,13.191665589809418,0.14166666666666666,0.6963333333333334,0.14333333333333334,0.14
35600,12.71520756483078,0.13861111111111107,0.7000000000000001,0.14055555555555557,0.13666666666666663
35700,11.837127240896224,0.1411111111111111,0.7006666666666667,0.14388888888888887,0.1383333333333333
35800,12.746316406726837,0.14166666666666666,0.6983333333333335,0.14500000000000002,0.1383333333333333
35900,11.92613037109375,0.14277777777777778,0.7013333333333336,0.14555555555555558,0.13999999999999999
36000,12.843754080533982,0.14166666666666666,0.7033333333333334,0.145,0.1383333333333333
36100,11.60391783952713,0.14027777777777778,0.7026666666666668,0.14055555555555557,0.13999999999999999
36200,12.160443308353424,0.1391666666666667,0.6993333333333335,0.14000000000000004,0.1383333333333333
36300,11.938434686660766,0.1408333333333333,0.6953333333333335,0.14166666666666666,0.13999999999999999
36400,12.26154147863388,0.14027777777777778,0.6943333333333332,0.13722222222222222,0.14333333333333334
36500,12.535605845451355,0.13749999999999998,0.6983333333333336,0.1383333333333333,0.13666666666666666
36600,12.535144774913787,0.13749999999999998,0.6943333333333332,0.13833333333333334,0.13666666666666663
36700,12.786549814939498,0.1425,0.7040000000000002,0.14333333333333334,0.14166666666666664
36800,12.763906989097595,0.13777777777777772,0.7003333333333334,0.14055555555555557,0.13499999999999995
36900,12.426102042198181,0.13805555555555551,0.6953333333333336,0.1411111111111111,0.13499999999999995
37000,13.028069338798524,0.13944444444444443,0.7056666666666668,0.1422222222222222,0.13666666666666663
37100,12.079153196811676,0.13777777777777775,0.6940000000000002,0.14055555555555557,0.13499999999999995
37200,12.013723511695861,0.1422222222222222,0.6986666666666665,0.14444444444444443,0.13999999999999999
37300,12.680137385129928,0.1388888888888889,0.6963333333333334,0.13944444444444445,0.1383333333333333
37400,12.477742791175842,0.1375,0.6980000000000002,0.13833333333333334,0.13666666666666666
37500,13.930697174072266,0.1383333333333333,0.696,0.1383333333333333,0.1383333333333333
37600,12.462008819580078,0.13666666666666666,0.7026666666666667,0.1383333333333333,0.13499999999999995
37700,12.060809817314148,0.1383333333333333,0.7023333333333331,0.1383333333333333,0.13833333333333328
37800,11.593312561511993,0.1383333333333333,0.6926666666666665,0.13666666666666666,0.13999999999999999
37900,11.606971979141235,0.14055555555555557,0.6920000000000002,0.13944444444444445,0.14166666666666666
38000,13.178551998138428,0.1425,0.6990000000000002,0.14333333333333334,0.14166666666666664
38100,12.201839082241058,0.1383333333333333,0.6993333333333334,0.13833333333333334,0.1383333333333333
38200,12.734566690921783,0.14055555555555552,0.7016666666666668,0.13944444444444443,0.14166666666666664
38300,12.473074350357056,0.14,0.6980000000000001,0.1416666666666667,0.1383333333333333
38400,11.490468825101852,0.13694444444444445,0.6946666666666669,0.1388888888888889,0.13499999999999995
38500,13.249712991714478,0.14,0.693,0.14166666666666666,0.1383333333333333
38600,13.18549728870392,0.13777777777777772,0.6990000000000001,0.1388888888888889,0.13666666666666666
38700,12.210346300601959,0.1358333333333333,0.699,0.13499999999999998,0.13666666666666666
38800,12.492073798179627,0.1358333333333333,0.6980000000000001,0.13666666666666666,0.13499999999999995
38900,12.093527520895003,0.13666666666666666,0.6970000000000003,0.13666666666666666,0.13666666666666666
39000,11.705439913272858,0.13888888888888887,0.6946666666666668,0.1411111111111111,0.13666666666666666
39100,12.471970973014832,0.13749999999999998,0.6976666666666667,0.1383333333333333,0.13666666666666666
39200,12.593923859596252,0.13722222222222222,0.705,0.1361111111111111,0.1383333333333333
39300,12.385490782260895,0.13749999999999998,0.7063333333333333,0.13833333333333328,0.13666666666666666
39400,12.44012118935585,0.13916666666666666,0.7013333333333333,0.13999999999999999,0.1383333333333333
39500,11.939650287628174,0.13777777777777775,0.6993333333333334,0.13722222222222222,0.1383333333333333
39600,13.234710190296173,0.13861111111111107,0.6983333333333335,0.13722222222222222,0.13999999999999999
39700,12.496177577972412,0.14055555555555557,0.7010000000000001,0.13944444444444443,0.14166666666666666
39800,13.108507523536682,0.13749999999999998,0.6990000000000001,0.13999999999999999,0.13499999999999995
39900,12.591108465194703,0.1408333333333333,0.7016666666666665,0.14166666666666666,0.14
40000,12.46167382478714,0.13499999999999995,0.7046666666666667,0.13666666666666666,0.1333333333333333
40100,12.579892680644988,0.13527777777777775,0.7006666666666667,0.13722222222222222,0.1333333333333333
40200,12.831564135551453,0.13805555555555551,0.6999999999999998,0.1411111111111111,0.13499999999999995
40300,12.273461768627167,0.1372222222222222,0.7006666666666668,0.13944444444444445,0.13499999999999995
40400,12.1082084774971,0.13999999999999999,0.6986666666666667,0.14166666666666666,0.1383333333333333
40500,11.67001788854599,0.14277777777777778,0.7036666666666667,0.14222222222222222,0.14333333333333337
40600,13.28307202577591,0.1425,0.6980000000000001,0.14333333333333334,0.14166666666666666
40700,12.253749730587005,0.13833333333333328,0.6956666666666668,0.14166666666666666,0.13499999999999995
40800,12.702517813444137,0.14055555555555552,0.7003333333333334,0.1411111111111111,0.13999999999999999
40900,11.916970272064209,0.13999999999999999,0.6996666666666668,0.14,0.13999999999999999
41000,11.629407691955567,0.14305555555555555,0.7006666666666665,0.14277777777777778,0.14333333333333334
41100,12.241380743980407,0.14638888888888887,0.7006666666666668,0.14444444444444443,0.14833333333333334
41200,11.54966808795929,0.14416666666666664,0.6990000000000001,0.14166666666666666,0.14666666666666667
41300,13.317655527591706,0.1425,0.7070000000000003,0.14,0.145
41400,13.531337571144103,0.14583333333333334,0.7023333333333334,0.14666666666666667,0.145
41500,11.991676411628724,0.14305555555555557,0.7006666666666668,0.14444444444444446,0.14166666666666666
41600,12.514747657775878,0.14,0.704,0.1383333333333333,0.1416666666666667
41700,12.080422716140747,0.13972222222222222,0.7046666666666666,0.13944444444444445,0.14
41800,12.207767760753631,0.14055555555555557,0.7023333333333334,0.13777777777777775,0.14333333333333337
41900,12.630111708641053,0.14055555555555552,0.7013333333333333,0.1411111111111111,0.14
42000,12.942908084392547,0.14055555555555552,0.7013333333333333,0.1411111111111111,0.14
42100,12.608142795562744,0.13916666666666663,0.7043333333333331,0.13999999999999999,0.1383333333333333
42200,12.63631129026413,0.13694444444444442,0.6993333333333333,0.13722222222222222,0.13666666666666666
42300,13.02227899312973,0.1413888888888889,0.7070000000000001,0.13944444444444445,0.14333333333333334
42400,12.81720665693283,0.1413888888888889,0.7073333333333334,0.1411111111111111,0.14166666666666666
42500,12.852727023363114,0.14,0.7040000000000001,0.14333333333333337,0.13666666666666663
42600,12.519277248382569,0.1408333333333333,0.7063333333333334,0.14166666666666666,0.13999999999999999
42700,13.795000109672547,0.14472222222222225,0.7053333333333334,0.14611111111111114,0.14333333333333334
42800,12.53814096212387,0.1422222222222222,0.7040000000000001,0.14444444444444443,0.13999999999999999
42900,12.072349879741669,0.14277777777777778,0.7023333333333334,0.14222222222222222,0.14333333333333334
43000,12.433708379268646,0.14500000000000002,0.7030000000000001,0.14666666666666667,0.14333333333333328
43100,12.10841859817505,0.14166666666666666,0.7006666666666667,0.14500000000000002,0.1383333333333333
43200,13.041050183773041,0.1402777777777778,0.7013333333333333,0.14388888888888887,0.13666666666666666
43300,11.578130340576172,0.13972222222222222,0.6989999999999998,0.1411111111111111,0.1383333333333333
43400,13.149386131763459,0.13972222222222222,0.702,0.13777777777777775,0.14166666666666666
43500,12.419539711475373,0.13944444444444443,0.6983333333333331,0.14222222222222222,0.13666666666666666
43600,11.566049525737762,0.13861111111111107,0.6983333333333334,0.14055555555555557,0.13666666666666666
43700,12.463160033226012,0.13805555555555551,0.7013333333333331,0.13944444444444445,0.13666666666666666
43800,12.57937604188919,0.14055555555555557,0.7013333333333335,0.1411111111111111,0.14
43900,12.055523250102997,0.13888888888888887,0.6989999999999998,0.1411111111111111,0.13666666666666666
44000,12.276796145439148,0.14027777777777778,0.7006666666666667,0.14222222222222222,0.1383333333333333
44100,11.802950119972229,0.13972222222222222,0.7016666666666667,0.14277777777777778,0.13666666666666666
44200,12.637579548358918,0.13999999999999999,0.7040000000000001,0.14,0.14
44300,11.784228577613831,0.14,0.6986666666666667,0.14666666666666667,0.13333333333333333
44400,11.295016801357269,0.14055555555555552,0.6973333333333335,0.13944444444444445,0.14166666666666666
44500,12.241376346349716,0.14111111111111108,0.7003333333333335,0.14222222222222222,0.14
44600,11.57954378247261,0.13916666666666666,0.7016666666666667,0.1383333333333333,0.14
44700,13.426776268482207,0.1383333333333333,0.7076666666666667,0.1383333333333333,0.1383333333333333
44800,12.853316929340362,0.13944444444444443,0.7103333333333334,0.14055555555555557,0.1383333333333333
44900,12.863419167995453,0.13944444444444445,0.7086666666666667,0.13888888888888887,0.14
45000,13.642379851341248,0.14083333333333334,0.7086666666666667,0.14166666666666666,0.14
45100,12.630336372852325,0.1408333333333333,0.7096666666666668,0.1383333333333333,0.14333333333333334
45200,11.47575711965561,0.13972222222222225,0.7086666666666667,0.1411111111111111,0.1383333333333333
45300,12.45929398059845,0.14222222222222222,0.7063333333333334,0.14277777777777778,0.14166666666666666
45400,12.367443232536315,0.13972222222222222,0.7043333333333333,0.1411111111111111,0.1383333333333333
45500,12.84237585067749,0.14166666666666666,0.7056666666666668,0.14166666666666666,0.14166666666666666
45600,11.962937500476837,0.13944444444444445,0.7043333333333334,0.14222222222222222,0.13666666666666666
45700,12.260818684101105,0.14055555555555557,0.7033333333333334,0.1411111111111111,0.14
45800,12.744524228572846,0.1408333333333333,0.7020000000000001,0.14166666666666666,0.14
45900,12.891066119670867,0.1408333333333333,0.7043333333333333,0.14166666666666666,0.14
46000,11.52612676024437,0.14055555555555552,0.7026666666666668,0.1411111111111111,0.14
46100,12.851459310054778,0.13916666666666666,0.7013333333333335,0.1383333333333333,0.14
46200,12.915263152122497,0.14027777777777778,0.7036666666666668,0.14055555555555557,0.14
46300,14.035564560890197,0.13944444444444445,0.7056666666666669,0.13888888888888887,0.14
46400,13.093825829029083,0.1408333333333333,0.7050000000000001,0.14,0.14166666666666666
46500,12.765779447555541,0.13805555555555554,0.7060000000000002,0.13777777777777775,0.1383333333333333
46600,11.821328771114349,0.13777777777777775,0.7046666666666667,0.13888888888888887,0.13666666666666666
46700,13.61814067363739,0.13972222222222225,0.7066666666666668,0.13944444444444445,0.14
46800,12.920298345088959,0.14055555555555557,0.7066666666666669,0.13944444444444445,0.14166666666666666
46900,12.509204330444335,0.1386111111111111,0.7096666666666669,0.13555555555555554,0.14166666666666666
47000,13.262428874969482,0.13916666666666663,0.7063333333333335,0.14,0.1383333333333333
47100,12.843151286840438,0.14194444444444443,0.7066666666666669,0.14055555555555557,0.14333333333333334
47200,12.636908042430878,0.14055555555555557,0.7100000000000002,0.13944444444444443,0.14166666666666666
47300,12.917196140289306,0.13888888888888887,0.7090000000000002,0.13777777777777775,0.13999999999999999
47400,12.26823110818863,0.13972222222222222,0.7046666666666668,0.1411111111111111,0.1383333333333333
47500,11.358333337306977,0.13916666666666666,0.7050000000000002,0.14,0.1383333333333333
47600,12.254530389308929,0.1408333333333333,0.7056666666666669,0.14,0.14166666666666666
47700,13.022324448823928,0.1411111111111111,0.7056666666666669,0.14055555555555557,0.14166666666666666
47800,11.883937704563142,0.13916666666666666,0.7080000000000003,0.1383333333333333,0.14
47900,12.433008580207824,0.14027777777777778,0.7096666666666669,0.13722222222222222,0.14333333333333334
48000,12.690008232593536,0.13916666666666666,0.7063333333333335,0.13999999999999999,0.1383333333333333
48100,12.688373341560364,0.13999999999999999,0.707,0.13999999999999999,0.13999999999999999
48200,11.843402109146119,0.13861111111111107,0.7040000000000001,0.1422222222222222,0.13499999999999998
48300,12.077723978757858,0.1411111111111111,0.7060000000000001,0.1422222222222222,0.13999999999999999
48400,13.2245916223526,0.13944444444444443,0.7043333333333334,0.14055555555555552,0.1383333333333333
48500,12.09107140302658,0.14027777777777778,0.7040000000000001,0.14055555555555552,0.14
48600,12.822836403846742,0.13805555555555551,0.7043333333333333,0.13944444444444443,0.13666666666666666
48700,12.732562131881714,0.14055555555555552,0.7046666666666667,0.1411111111111111,0.14
48800,12.645964522361755,0.1422222222222222,0.7056666666666668,0.14111111111111108,0.14333333333333334
48900,13.151373262405395,0.14138888888888887,0.7056666666666668,0.13944444444444443,0.14333333333333334
49000,11.77671403169632,0.1408333333333333,0.7030000000000001,0.1383333333333333,0.14333333333333334
49100,12.596556854248046,0.14027777777777775,0.7040000000000001,0.13888888888888887,0.14166666666666666
49200,12.851841173171998,0.14111111111111108,0.705,0.14055555555555557,0.14166666666666666
49300,12.403077311515808,0.14166666666666666,0.702,0.14333333333333334,0.14
49400,12.877825663089752,0.14166666666666664,0.7016666666666667,0.14166666666666666,0.14166666666666666
49500,12.02920636177063,0.14166666666666664,0.697,0.14333333333333337,0.14
49600,12.786784241199493,0.14166666666666666,0.6976666666666667,0.14166666666666666,0.1416666666666667
49700,12.52471995830536,0.14166666666666666,0.6996666666666668,0.14,0.14333333333333337
49800,13.376645033359528,0.14138888888888887,0.6980000000000001,0.14277777777777778,0.14
49900,12.280366094112397,0.14027777777777778,0.6996666666666668,0.13888888888888887,0.14166666666666666
50000,12.319626145362854,0.13972222222222222,0.7003333333333334,0.13944444444444443,0.14
50100,11.693527851104736,0.13944444444444443,0.7,0.13888888888888887,0.14
50200,13.184874265193939,0.13777777777777775,0.701,0.13888888888888887,0.13666666666666666
50300,11.866887729167939,0.13805555555555551,0.7013333333333333,0.13777777777777775,0.1383333333333333
50400,11.765505821704865,0.13777777777777775,0.6996666666666667,0.13888888888888887,0.13666666666666666
50500,11.881057759523392,0.13888888888888887,0.6996666666666667,0.1411111111111111,0.13666666666666666
50600,12.402416591644288,0.1386111111111111,0.6993333333333333,0.14055555555555557,0.13666666666666666
50700,12.863102781772614,0.14194444444444443,0.6996666666666668,0.14222222222222222,0.14166666666666666
50800,13.318153247833251,0.1425,0.6956666666666665,0.14666666666666667,0.1383333333333333
50900,11.84797649383545,0.1408333333333333,0.6950000000000001,0.14333333333333337,0.1383333333333333
51000,12.977786123752594,0.14138888888888887,0.6983333333333335,0.14277777777777778,0.13999999999999999
51100,12.265571203231811,0.1422222222222222,0.6986666666666667,0.14444444444444446,0.14
51200,12.146303827762603,0.14277777777777775,0.6990000000000001,0.14222222222222222,0.14333333333333334
51300,12.051914117336274,0.14111111111111108,0.6976666666666667,0.14222222222222222,0.14
