100,75.80492038726807,0.2517857142857143,0.9199999999999999,0.2785714285714286,0.225
200,71.18385303497314,0.21785714285714286,0.8500000000000001,0.21071428571428572,0.225
300,69.15788551330566,0.17142857142857143,0.89,0.16785714285714287,0.175
400,67.70530220031738,0.1875,0.88,0.2,0.175
500,65.98343296051026,0.16607142857142856,0.86,0.18214285714285713,0.15
600,64.78687995910644,0.16428571428571428,0.89,0.15357142857142858,0.175
700,63.466605758666994,0.15714285714285714,0.88,0.1392857142857143,0.175
800,63.78494728088379,0.1375,0.8500000000000001,0.125,0.15
900,61.5724254989624,0.1607142857142857,0.89,0.1464285714285714,0.175
1000,61.87202571868897,0.15714285714285714,0.89,0.16428571428571428,0.15
100,78.3602978515625,0.2982142857142857,0.98,0.29642857142857143,0.3
200,71.98489700317383,0.28214285714285714,0.94,0.28928571428571426,0.275
300,70.0239879989624,0.28214285714285714,0.95,0.28928571428571426,0.275
400,69.10923629760742,0.2625,0.95,0.25,0.275
500,67.07082771301269,0.24107142857142858,0.94,0.23214285714285715,0.25
600,66.9569049835205,0.17678571428571427,0.94,0.17857142857142858,0.175
700,65.57244380950928,0.17142857142857143,0.9,0.16785714285714287,0.175
800,62.41964809417725,0.22142857142857142,0.89,0.21785714285714283,0.225
900,63.64553958892822,0.21071428571428572,0.9299999999999999,0.19642857142857142,0.225
1000,63.424033622741696,0.22142857142857142,0.9199999999999999,0.21785714285714283,0.225
100,76.90246894836426,0.31607142857142856,0.95,0.30714285714285716,0.325
200,71.42622329711914,0.3107142857142857,0.97,0.3464285714285714,0.275
300,71.96620456695557,0.24642857142857144,0.96,0.21785714285714283,0.275
400,69.76901538848877,0.21250000000000002,0.95,0.2,0.225
500,67.78779796600342,0.21071428571428574,0.91,0.22142857142857145,0.2
600,67.30054119110108,0.2285714285714286,0.95,0.20714285714285716,0.25
700,66.51543045043945,0.20357142857142857,0.9,0.20714285714285716,0.2
800,64.7847220993042,0.17857142857142858,0.94,0.15714285714285714,0.2
900,64.95143928527833,0.18928571428571428,0.9199999999999999,0.17857142857142858,0.2
1000,63.71284969329834,0.2,0.94,0.2,0.2
100,76.68390419006347,0.20714285714285713,0.88,0.21428571428571427,0.2
200,71.55125370025635,0.19107142857142856,0.91,0.20714285714285716,0.175
300,70.29204643249511,0.21428571428571427,0.9299999999999999,0.25357142857142856,0.175
400,66.76148063659667,0.12678571428571428,0.86,0.1285714285714286,0.125
500,66.0034990310669,0.17857142857142855,0.91,0.18214285714285713,0.175
600,66.11396125793458,0.16964285714285715,0.89,0.18928571428571428,0.15
700,64.06390853881835,0.125,0.9199999999999999,0.125,0.125
800,64.92363529205322,0.1732142857142857,0.87,0.17142857142857143,0.175
900,63.67515197753906,0.11785714285714287,0.89,0.13571428571428573,0.1
1000,61.34321483612061,0.11785714285714285,0.88,0.11071428571428572,0.125
1100,60.58679466247558,0.12678571428571428,0.91,0.1285714285714286,0.125
1200,59.657778892517086,0.12142857142857143,0.9199999999999999,0.11785714285714285,0.125
1300,58.952249450683595,0.10535714285714287,0.87,0.11071428571428572,0.1
1400,58.91972984313965,0.1464285714285714,0.8500000000000001,0.14285714285714285,0.15
1500,57.77587703704834,0.10357142857142856,0.8300000000000001,0.10714285714285714,0.1
1600,56.92535903930664,0.14107142857142857,0.8300000000000001,0.13214285714285715,0.15
1700,56.891216354370115,0.16428571428571428,0.76,0.15357142857142858,0.175
1800,56.3681908416748,0.1464285714285714,0.8300000000000001,0.14285714285714285,0.15
1900,56.59311996459961,0.11607142857142858,0.8,0.13214285714285715,0.1
2000,55.335021858215335,0.11071428571428571,0.79,0.12142857142857141,0.1
2100,53.71376550674439,0.10892857142857143,0.87,0.11785714285714285,0.1
2200,56.06211750030518,0.11964285714285713,0.8,0.11428571428571428,0.125
2300,54.07460666656494,0.11964285714285713,0.81,0.11428571428571428,0.125
2400,55.46820037841797,0.1232142857142857,0.8500000000000001,0.12142857142857141,0.125
2500,53.19035099029541,0.12857142857142856,0.76,0.13214285714285715,0.125
2600,51.27712894439697,0.10535714285714287,0.8,0.11071428571428572,0.1
2700,51.475873222351076,0.07321428571428572,0.8200000000000001,0.09642857142857143,0.05
2800,51.782566719055175,0.09107142857142858,0.8200000000000001,0.08214285714285714,0.1
2900,50.07773490905762,0.14464285714285713,0.8200000000000001,0.1392857142857143,0.15
3000,50.87129005432129,0.10178571428571428,0.8,0.10357142857142858,0.1
3100,49.73331804275513,0.08214285714285714,0.78,0.08928571428571429,0.075
3200,49.1153023147583,0.1,0.8300000000000001,0.1,0.1
3300,49.5313285446167,0.07142857142857142,0.78,0.06785714285714287,0.075
3400,47.92145824432373,0.10535714285714287,0.79,0.11071428571428572,0.1
3500,48.36557580947876,0.1142857142857143,0.8500000000000001,0.10357142857142858,0.125
3600,49.920645027160646,0.09821428571428573,0.79,0.09642857142857143,0.1
3700,48.723440418243406,0.1,0.78,0.1,0.1
3800,47.65486640930176,0.1392857142857143,0.75,0.1285714285714286,0.15
3900,48.11041604995727,0.1232142857142857,0.75,0.12142857142857141,0.125
4000,48.87250244140625,0.1232142857142857,0.8400000000000001,0.12142857142857141,0.125
4100,48.68991020202637,0.09107142857142858,0.8500000000000001,0.08214285714285714,0.1
4200,49.91406356811523,0.075,0.78,0.075,0.075
4300,48.267447280883786,0.11785714285714285,0.79,0.11071428571428572,0.125
4400,47.75983875274658,0.1,0.77,0.1,0.1
4500,47.44798677444458,0.10357142857142856,0.75,0.10714285714285714,0.1
4600,47.00226068496704,0.09107142857142858,0.78,0.08214285714285714,0.1
4700,47.983456707000734,0.12857142857142856,0.8300000000000001,0.13214285714285715,0.125
4800,48.46069520950317,0.06607142857142857,0.8,0.08214285714285714,0.05
4900,46.710853805541994,0.10714285714285715,0.81,0.11428571428571428,0.1
5000,48.724143180847165,0.14285714285714285,0.76,0.13571428571428573,0.15
5100,46.61194501876831,0.10714285714285715,0.75,0.11428571428571428,0.1
5200,45.7983687210083,0.06785714285714285,0.78,0.06071428571428571,0.075
5300,46.41848554611206,0.08392857142857144,0.81,0.09285714285714286,0.075
5400,45.70262252807617,0.08571428571428572,0.8,0.07142857142857142,0.1
5500,45.051410388946536,0.06428571428571428,0.81,0.05357142857142857,0.075
5600,46.72972291946411,0.075,0.81,0.075,0.075
5700,46.00001842498779,0.08035714285714285,0.79,0.08571428571428572,0.075
5800,45.780209674835206,0.09821428571428573,0.77,0.09642857142857143,0.1
5900,46.14759037017822,0.07142857142857142,0.8,0.06785714285714287,0.075
6000,46.057775001525876,0.09107142857142858,0.8,0.08214285714285714,0.1
6100,47.46985807418823,0.08035714285714285,0.76,0.08571428571428572,0.075
6200,46.62589399337769,0.10357142857142856,0.76,0.10714285714285714,0.1
6300,46.11163967132568,0.09464285714285714,0.78,0.08928571428571429,0.1
6400,46.87430381774902,0.09821428571428573,0.74,0.09642857142857143,0.1
6500,45.79716764450073,0.05714285714285715,0.8,0.0642857142857143,0.05
6600,46.00010448455811,0.07678571428571429,0.76,0.07857142857142857,0.075
6700,46.41544277191162,0.0625,0.77,0.075,0.05
6800,45.12032985687256,0.06607142857142857,0.74,0.08214285714285714,0.05
6900,44.75304595947266,0.05178571428571428,0.8,0.05357142857142857,0.05
7000,44.38632469177246,0.06964285714285715,0.75,0.0642857142857143,0.075
7100,45.716377620697024,0.075,0.8,0.075,0.075
7200,44.37575626373291,0.0625,0.76,0.075,0.05
7300,43.9446448135376,0.05714285714285715,0.76,0.0642857142857143,0.05
7400,45.10979036331177,0.06607142857142857,0.79,0.05714285714285714,0.075
7500,44.66323438644409,0.075,0.78,0.075,0.075
7600,45.0310555267334,0.09107142857142858,0.78,0.08214285714285714,0.1
7700,45.021143226623536,0.06964285714285715,0.78,0.0642857142857143,0.075
7800,45.210638675689694,0.04642857142857143,0.78,0.06785714285714287,0.025
7900,44.091952857971194,0.06785714285714285,0.78,0.06071428571428571,0.075
8000,44.42370325088501,0.07142857142857142,0.78,0.06785714285714287,0.075
8100,44.668763904571534,0.06607142857142857,0.77,0.05714285714285714,0.075
8200,43.92830154418945,0.058928571428571434,0.78,0.06785714285714287,0.05
8300,44.39923173904419,0.07142857142857142,0.78,0.06785714285714287,0.075
8400,43.658012046813965,0.07857142857142857,0.74,0.08214285714285714,0.075
8500,44.62897506713867,0.07857142857142857,0.78,0.08214285714285714,0.075
8600,44.51022378921509,0.055357142857142855,0.76,0.06071428571428571,0.05
8700,44.44493762969971,0.07142857142857142,0.78,0.06785714285714287,0.075
8800,43.635545024871824,0.06964285714285715,0.77,0.0642857142857143,0.075
8900,45.00470338821411,0.07142857142857142,0.76,0.06785714285714287,0.075
9000,44.53850091934204,0.0732142857142857,0.77,0.07142857142857142,0.075
9100,44.88734605789185,0.06428571428571428,0.77,0.07857142857142857,0.05
9200,43.015324153900146,0.060714285714285714,0.76,0.07142857142857142,0.05
9300,45.41279775619507,0.08928571428571429,0.76,0.07857142857142857,0.1
9400,44.21637035369873,0.08214285714285716,0.78,0.0642857142857143,0.1
9500,43.47259157180786,0.058928571428571434,0.76,0.06785714285714287,0.05
9600,43.3357389831543,0.06964285714285715,0.78,0.0642857142857143,0.075
9700,43.93966979980469,0.05714285714285715,0.76,0.0642857142857143,0.05
9800,43.3804620552063,0.0625,0.73,0.075,0.05
9900,43.81123586654663,0.05714285714285715,0.74,0.0642857142857143,0.05
10000,43.41025993347168,0.08035714285714285,0.74,0.08571428571428572,0.075
10100,43.173103923797605,0.05714285714285715,0.76,0.0642857142857143,0.05
10200,44.887065200805665,0.06607142857142857,0.78,0.05714285714285714,0.075
10300,42.80518030166626,0.08571428571428572,0.77,0.07142857142857142,0.1
10400,43.8829568862915,0.08928571428571429,0.74,0.07857142857142857,0.1
10500,42.816909294128415,0.058928571428571434,0.77,0.06785714285714287,0.05
10600,42.22038301467896,0.0732142857142857,0.75,0.07142857142857142,0.075
10700,44.29603588104248,0.058928571428571434,0.77,0.06785714285714287,0.05
10800,43.69422122955322,0.06785714285714285,0.77,0.06071428571428571,0.075
10900,43.04328908920288,0.060714285714285714,0.77,0.07142857142857142,0.05
11000,42.28710313796997,0.058928571428571434,0.76,0.06785714285714287,0.05
11100,44.844682636260984,0.08214285714285716,0.78,0.0642857142857143,0.1
11200,43.89838321685791,0.055357142857142855,0.78,0.06071428571428571,0.05
11300,43.30424156188965,0.06607142857142857,0.77,0.05714285714285714,0.075
11400,43.393852424621585,0.06964285714285715,0.76,0.0642857142857143,0.075
11500,43.05492124557495,0.04464285714285715,0.76,0.0642857142857143,0.025
11600,44.002160987854005,0.07142857142857142,0.76,0.06785714285714287,0.075
11700,42.897075996398925,0.06964285714285715,0.75,0.0642857142857143,0.075
11800,44.07975877761841,0.0732142857142857,0.74,0.07142857142857142,0.075
11900,42.75228742599487,0.08214285714285716,0.77,0.0642857142857143,0.1
12000,43.01577806472778,0.075,0.75,0.075,0.075
12100,42.83383279800415,0.06785714285714285,0.77,0.06071428571428571,0.075
12200,42.76889680862427,0.053571428571428575,0.78,0.05714285714285714,0.05
12300,43.87455411911011,0.055357142857142855,0.77,0.06071428571428571,0.05
12400,42.41758260726929,0.06964285714285715,0.76,0.0642857142857143,0.075
12500,44.676425018310546,0.04642857142857143,0.76,0.06785714285714287,0.025
12600,42.771388378143314,0.055357142857142855,0.75,0.06071428571428571,0.05
12700,42.03177749633789,0.06964285714285715,0.77,0.0642857142857143,0.075
12800,45.033324031829835,0.06964285714285715,0.77,0.0642857142857143,0.075
12900,43.80050645828247,0.055357142857142855,0.77,0.06071428571428571,0.05
13000,43.19530456542969,0.05714285714285715,0.76,0.0642857142857143,0.05
13100,43.0757147026062,0.055357142857142855,0.76,0.06071428571428571,0.05
13200,43.10284372329712,0.053571428571428575,0.79,0.05714285714285714,0.05
13300,44.099504985809325,0.055357142857142855,0.78,0.06071428571428571,0.05
13400,43.60110589981079,0.055357142857142855,0.77,0.06071428571428571,0.05
13500,43.650765609741214,0.05714285714285715,0.76,0.0642857142857143,0.05
13600,42.565959491729735,0.07142857142857142,0.76,0.06785714285714287,0.075
13700,42.26289646148682,0.055357142857142855,0.76,0.06071428571428571,0.05
13800,43.426711845397946,0.04285714285714286,0.75,0.06071428571428571,0.025
13900,41.7422333908081,0.055357142857142855,0.77,0.06071428571428571,0.05
14000,44.52954811096191,0.04642857142857143,0.76,0.06785714285714287,0.025
14100,44.74070318222046,0.055357142857142855,0.77,0.06071428571428571,0.05
14200,43.529201164245606,0.05714285714285715,0.77,0.0642857142857143,0.05
14300,42.918295783996584,0.055357142857142855,0.76,0.06071428571428571,0.05
14400,42.343064079284666,0.05714285714285715,0.76,0.0642857142857143,0.05
14500,43.28761657714844,0.055357142857142855,0.77,0.06071428571428571,0.05
14600,42.95787338256836,0.06785714285714285,0.77,0.06071428571428571,0.075
14700,43.44568634033203,0.060714285714285714,0.77,0.07142857142857142,0.05
14800,42.969650440216064,0.053571428571428575,0.77,0.05714285714285714,0.05
14900,43.800948238372804,0.04285714285714286,0.76,0.06071428571428571,0.025
15000,42.43428216934204,0.06964285714285715,0.77,0.0642857142857143,0.075
15100,41.99505573272705,0.055357142857142855,0.76,0.06071428571428571,0.05
15200,43.046163406372074,0.055357142857142855,0.76,0.06071428571428571,0.05
15300,43.05502145767212,0.055357142857142855,0.75,0.06071428571428571,0.05
15400,43.058252544403075,0.055357142857142855,0.76,0.06071428571428571,0.05
15500,41.57032119750976,0.055357142857142855,0.75,0.06071428571428571,0.05
15600,42.77531671524048,0.05714285714285715,0.76,0.0642857142857143,0.05
15700,44.91125957489014,0.05714285714285715,0.76,0.0642857142857143,0.05
15800,43.939243965148925,0.04464285714285715,0.75,0.0642857142857143,0.025
15900,44.233367919921875,0.07142857142857142,0.77,0.06785714285714287,0.075
16000,43.60245897293091,0.06785714285714285,0.77,0.06071428571428571,0.075
16100,44.08864191055298,0.06607142857142857,0.77,0.05714285714285714,0.075
16200,43.27477630615235,0.06607142857142857,0.77,0.05714285714285714,0.075
16300,41.702665138244626,0.05178571428571428,0.77,0.05357142857142857,0.05
16400,43.697695903778076,0.053571428571428575,0.76,0.05714285714285714,0.05
16500,44.092164249420165,0.055357142857142855,0.77,0.06071428571428571,0.05
16600,43.47894077301025,0.055357142857142855,0.77,0.06071428571428571,0.05
16700,42.649907398223874,0.053571428571428575,0.76,0.05714285714285714,0.05
16800,44.34604856491089,0.06785714285714285,0.76,0.06071428571428571,0.075
16900,43.967138862609865,0.055357142857142855,0.76,0.06071428571428571,0.05
17000,42.97350681304932,0.08035714285714285,0.77,0.06071428571428571,0.1
17100,43.25525104522705,0.053571428571428575,0.76,0.05714285714285714,0.05
17200,42.2003204536438,0.055357142857142855,0.76,0.06071428571428571,0.05
17300,42.91998138427734,0.053571428571428575,0.76,0.05714285714285714,0.05
17400,42.04864063262939,0.06785714285714285,0.76,0.06071428571428571,0.075
17500,43.660928382873536,0.055357142857142855,0.76,0.06071428571428571,0.05
17600,44.099712982177735,0.06607142857142857,0.77,0.05714285714285714,0.075
17700,43.119856185913086,0.06607142857142857,0.77,0.05714285714285714,0.075
17800,43.79063215255737,0.06607142857142857,0.77,0.05714285714285714,0.075
17900,43.0016149520874,0.055357142857142855,0.76,0.06071428571428571,0.05
18000,44.55047050476074,0.06607142857142857,0.77,0.05714285714285714,0.075
18100,43.73689897537231,0.06607142857142857,0.77,0.05714285714285714,0.075
18200,41.390257892608645,0.055357142857142855,0.76,0.06071428571428571,0.05
18300,43.62548858642578,0.06428571428571428,0.77,0.05357142857142857,0.075
18400,42.20522617340088,0.05178571428571428,0.76,0.05357142857142857,0.05
18500,41.774831008911136,0.04285714285714286,0.76,0.06071428571428571,0.025
18600,42.21919095993042,0.055357142857142855,0.76,0.06071428571428571,0.05
18700,42.828450183868405,0.055357142857142855,0.76,0.06071428571428571,0.05
18800,42.66778211593628,0.055357142857142855,0.76,0.06071428571428571,0.05
18900,42.51971309661865,0.055357142857142855,0.76,0.06071428571428571,0.05
19000,42.33094854354859,0.055357142857142855,0.76,0.06071428571428571,0.05
19100,43.22725561141968,0.06785714285714285,0.77,0.06071428571428571,0.075
19200,44.150922260284425,0.06785714285714285,0.77,0.06071428571428571,0.075
19300,41.781333408355714,0.055357142857142855,0.76,0.06071428571428571,0.05
19400,43.73106309890747,0.06607142857142857,0.77,0.05714285714285714,0.075
19500,43.62129392623901,0.053571428571428575,0.77,0.05714285714285714,0.05
19600,43.680195007324215,0.055357142857142855,0.77,0.06071428571428571,0.05
19700,44.01589553833008,0.055357142857142855,0.77,0.06071428571428571,0.05
19800,43.159853534698485,0.06428571428571428,0.77,0.05357142857142857,0.075
19900,43.66031112670898,0.06607142857142857,0.77,0.05714285714285714,0.075
20000,42.65082799911499,0.06785714285714285,0.77,0.06071428571428571,0.075
20100,43.55846954345703,0.055357142857142855,0.77,0.06071428571428571,0.05
20200,43.37961402893066,0.06785714285714285,0.77,0.06071428571428571,0.075
20300,43.82810173034668,0.06785714285714285,0.77,0.06071428571428571,0.075
20400,43.24203302383423,0.06785714285714285,0.77,0.06071428571428571,0.075
20500,43.40790796279907,0.06785714285714285,0.77,0.06071428571428571,0.075
20600,42.37657272338867,0.055357142857142855,0.77,0.06071428571428571,0.05
20700,41.822690925598145,0.055357142857142855,0.77,0.06071428571428571,0.05
20800,42.01574388504028,0.04285714285714286,0.75,0.06071428571428571,0.025
20900,41.6175080871582,0.06607142857142857,0.77,0.05714285714285714,0.075
21000,43.679509716033934,0.04285714285714286,0.75,0.06071428571428571,0.025
21100,45.071505603790285,0.06607142857142857,0.77,0.05714285714285714,0.075
21200,43.00198291778565,0.06607142857142857,0.77,0.05714285714285714,0.075
21300,41.81437879562378,0.06607142857142857,0.77,0.05714285714285714,0.075
21400,43.13221294403076,0.055357142857142855,0.76,0.06071428571428571,0.05
21500,42.5651068687439,0.055357142857142855,0.76,0.06071428571428571,0.05
21600,42.400601863861084,0.055357142857142855,0.76,0.06071428571428571,0.05
21700,43.930257377624514,0.06785714285714285,0.77,0.06071428571428571,0.075
21800,43.317796573638915,0.06607142857142857,0.77,0.05714285714285714,0.075
21900,44.623414821624756,0.053571428571428575,0.77,0.05714285714285714,0.05
22000,43.310702075958254,0.053571428571428575,0.77,0.05714285714285714,0.05
22100,42.77582082748413,0.053571428571428575,0.77,0.05714285714285714,0.05
22200,42.54620040893555,0.055357142857142855,0.77,0.06071428571428571,0.05
22300,42.13166564941406,0.055357142857142855,0.76,0.06071428571428571,0.05
22400,42.85139678955078,0.055357142857142855,0.76,0.06071428571428571,0.05
22500,42.663094425201415,0.055357142857142855,0.76,0.06071428571428571,0.05
22600,43.15261699676514,0.06785714285714285,0.77,0.06071428571428571,0.075
22700,42.08678674697876,0.055357142857142855,0.76,0.06071428571428571,0.05
22800,41.901342754364016,0.055357142857142855,0.76,0.06071428571428571,0.05
22900,42.06213571548462,0.055357142857142855,0.76,0.06071428571428571,0.05
23000,42.374995918273925,0.055357142857142855,0.76,0.06071428571428571,0.05
23100,43.28529642105102,0.055357142857142855,0.76,0.06071428571428571,0.05
23200,43.31707551956177,0.055357142857142855,0.76,0.06071428571428571,0.05
23300,41.879287261962894,0.055357142857142855,0.76,0.06071428571428571,0.05
23400,42.79773162841797,0.055357142857142855,0.76,0.06071428571428571,0.05
23500,43.53932739257812,0.055357142857142855,0.76,0.06071428571428571,0.05
23600,42.35994249343872,0.055357142857142855,0.76,0.06071428571428571,0.05
23700,42.767201824188234,0.055357142857142855,0.76,0.06071428571428571,0.05
23800,42.18365274429321,0.055357142857142855,0.76,0.06071428571428571,0.05
23900,41.815180463790895,0.06607142857142857,0.77,0.05714285714285714,0.075
24000,43.39671895980835,0.055357142857142855,0.76,0.06071428571428571,0.05
24100,42.7038535118103,0.055357142857142855,0.76,0.06071428571428571,0.05
24200,42.149679012298584,0.055357142857142855,0.76,0.06071428571428571,0.05
24300,42.46738729476929,0.055357142857142855,0.76,0.06071428571428571,0.05
24400,42.92449579238892,0.055357142857142855,0.76,0.06071428571428571,0.05
24500,41.92408992767334,0.055357142857142855,0.76,0.06071428571428571,0.05
24600,43.05216901779175,0.055357142857142855,0.76,0.06071428571428571,0.05
24700,43.17810075759888,0.06785714285714285,0.77,0.06071428571428571,0.075
24800,41.12890310287476,0.06785714285714285,0.77,0.06071428571428571,0.075
24900,44.07858030319214,0.06607142857142857,0.77,0.05714285714285714,0.075
25000,43.506528301239015,0.06785714285714285,0.77,0.06071428571428571,0.075
25100,43.682532234191896,0.06785714285714285,0.77,0.06071428571428571,0.075
25200,43.15693841934204,0.06785714285714285,0.77,0.06071428571428571,0.075
25300,42.18591333389282,0.06785714285714285,0.77,0.06071428571428571,0.075
25400,42.48849012374878,0.055357142857142855,0.76,0.06071428571428571,0.05
25500,43.128605670928955,0.055357142857142855,0.76,0.06071428571428571,0.05
25600,41.23013376235962,0.06607142857142857,0.77,0.05714285714285714,0.075
25700,43.51424701690674,0.06785714285714285,0.77,0.06071428571428571,0.075
25800,41.97463590621948,0.055357142857142855,0.76,0.06071428571428571,0.05
25900,43.17398941040039,0.055357142857142855,0.76,0.06071428571428571,0.05
26000,42.01393827438355,0.055357142857142855,0.76,0.06071428571428571,0.05
26100,42.6582946395874,0.055357142857142855,0.76,0.06071428571428571,0.05
26200,42.53828617095947,0.06607142857142857,0.77,0.05714285714285714,0.075
26300,42.484865512847904,0.055357142857142855,0.76,0.06071428571428571,0.05
26400,42.00222131729126,0.055357142857142855,0.76,0.06071428571428571,0.05
26500,43.95679426193237,0.055357142857142855,0.76,0.06071428571428571,0.05
26600,42.01791915893555,0.055357142857142855,0.76,0.06071428571428571,0.05
26700,44.087903575897215,0.055357142857142855,0.76,0.06071428571428571,0.05
26800,44.288495216369625,0.055357142857142855,0.76,0.06071428571428571,0.05
26900,42.71877206802368,0.055357142857142855,0.76,0.06071428571428571,0.05
27000,42.308252277374265,0.055357142857142855,0.76,0.06071428571428571,0.05
27100,41.91370195388794,0.055357142857142855,0.76,0.06071428571428571,0.05
27200,43.20733198165894,0.06607142857142857,0.77,0.05714285714285714,0.075
27300,42.880823860168455,0.055357142857142855,0.76,0.06071428571428571,0.05
27400,42.58940229415894,0.055357142857142855,0.76,0.06071428571428571,0.05
27500,42.58765642166138,0.055357142857142855,0.76,0.06071428571428571,0.05
27600,42.49910524368286,0.055357142857142855,0.76,0.06071428571428571,0.05
27700,43.45024404525757,0.055357142857142855,0.76,0.06071428571428571,0.05
27800,42.91195348739624,0.055357142857142855,0.76,0.06071428571428571,0.05
27900,41.38904700279236,0.055357142857142855,0.76,0.06071428571428571,0.05
28000,43.53871971130371,0.055357142857142855,0.76,0.06071428571428571,0.05
28100,42.345166816711426,0.055357142857142855,0.76,0.06071428571428571,0.05
28200,42.0703030204773,0.055357142857142855,0.76,0.06071428571428571,0.05
28300,43.42997034072876,0.055357142857142855,0.76,0.06071428571428571,0.05
28400,42.83659271240234,0.055357142857142855,0.76,0.06071428571428571,0.05
28500,41.9795827293396,0.055357142857142855,0.76,0.06071428571428571,0.05
28600,44.01431003570556,0.055357142857142855,0.76,0.06071428571428571,0.05
28700,41.63013822555542,0.055357142857142855,0.76,0.06071428571428571,0.05
28800,43.75649490356445,0.055357142857142855,0.76,0.06071428571428571,0.05
28900,43.05230270385742,0.055357142857142855,0.76,0.06071428571428571,0.05
29000,43.30837432861328,0.055357142857142855,0.76,0.06071428571428571,0.05
29100,42.460737018585206,0.055357142857142855,0.76,0.06071428571428571,0.05
29200,43.733602142333986,0.055357142857142855,0.76,0.06071428571428571,0.05
29300,43.16533689498901,0.055357142857142855,0.76,0.06071428571428571,0.05
29400,42.40853534698486,0.055357142857142855,0.76,0.06071428571428571,0.05
29500,42.92488920211792,0.06607142857142857,0.77,0.05714285714285714,0.075
29600,42.99699876785278,0.055357142857142855,0.76,0.06071428571428571,0.05
29700,43.318711032867434,0.055357142857142855,0.76,0.06071428571428571,0.05
29800,43.8073118019104,0.055357142857142855,0.76,0.06071428571428571,0.05
29900,43.643512878417965,0.06607142857142857,0.77,0.05714285714285714,0.075
30000,42.918431434631344,0.06607142857142857,0.77,0.05714285714285714,0.075
30100,42.75869203567505,0.06607142857142857,0.77,0.05714285714285714,0.075
30200,43.18508472442627,0.06607142857142857,0.77,0.05714285714285714,0.075
30300,42.84255470275879,0.06607142857142857,0.77,0.05714285714285714,0.075
30400,43.84695177078247,0.06607142857142857,0.77,0.05714285714285714,0.075
30500,43.45057174682617,0.06607142857142857,0.77,0.05714285714285714,0.075
30600,43.6509884262085,0.06607142857142857,0.77,0.05714285714285714,0.075
30700,42.15767370223999,0.06607142857142857,0.77,0.05714285714285714,0.075
30800,41.672852993011475,0.06607142857142857,0.77,0.05714285714285714,0.075
30900,42.55346500396728,0.06607142857142857,0.77,0.05714285714285714,0.075
31000,43.1952082824707,0.06607142857142857,0.77,0.05714285714285714,0.075
31100,42.53874706268311,0.06607142857142857,0.77,0.05714285714285714,0.075
31200,42.48306505203247,0.06607142857142857,0.77,0.05714285714285714,0.075
31300,43.439141273498535,0.06607142857142857,0.77,0.05714285714285714,0.075
31400,45.036721553802494,0.06607142857142857,0.77,0.05714285714285714,0.075
31500,42.62004304885864,0.06607142857142857,0.77,0.05714285714285714,0.075
31600,43.518832263946535,0.06607142857142857,0.77,0.05714285714285714,0.075
31700,43.45966154098511,0.06607142857142857,0.77,0.05714285714285714,0.075
31800,44.012430381774905,0.06607142857142857,0.77,0.05714285714285714,0.075
31900,43.40401428222656,0.06607142857142857,0.77,0.05714285714285714,0.075
32000,42.73659294128418,0.06607142857142857,0.77,0.05714285714285714,0.075
32100,41.18904424667358,0.06607142857142857,0.77,0.05714285714285714,0.075
32200,43.089243488311766,0.06607142857142857,0.77,0.05714285714285714,0.075
32300,42.14518960952759,0.06607142857142857,0.77,0.05714285714285714,0.075
32400,44.58601192474365,0.06607142857142857,0.77,0.05714285714285714,0.075
32500,43.389506015777584,0.06607142857142857,0.77,0.05714285714285714,0.075
32600,42.80673202514649,0.06607142857142857,0.77,0.05714285714285714,0.075
32700,41.97656150817871,0.06607142857142857,0.77,0.05714285714285714,0.075
32800,40.98335939407349,0.06607142857142857,0.77,0.05714285714285714,0.075
32900,42.16604539871216,0.06607142857142857,0.77,0.05714285714285714,0.075
33000,43.65338575363159,0.06607142857142857,0.77,0.05714285714285714,0.075
33100,43.00106769561768,0.06607142857142857,0.77,0.05714285714285714,0.075
33200,42.15018396377563,0.06607142857142857,0.77,0.05714285714285714,0.075
33300,42.048529109954835,0.06607142857142857,0.77,0.05714285714285714,0.075
33400,42.28462242126465,0.06607142857142857,0.77,0.05714285714285714,0.075
33500,42.10177856445313,0.06607142857142857,0.77,0.05714285714285714,0.075
33600,41.48320463180542,0.06607142857142857,0.77,0.05714285714285714,0.075
33700,42.152676601409915,0.06607142857142857,0.77,0.05714285714285714,0.075
33800,43.4899645614624,0.055357142857142855,0.76,0.06071428571428571,0.05
33900,43.69684177398682,0.06607142857142857,0.77,0.05714285714285714,0.075
34000,42.842733669281,0.06607142857142857,0.77,0.05714285714285714,0.075
34100,42.60168111801148,0.06607142857142857,0.77,0.05714285714285714,0.075
34200,41.86472364425659,0.055357142857142855,0.76,0.06071428571428571,0.05
34300,42.70553131103516,0.06607142857142857,0.77,0.05714285714285714,0.075
34400,42.72484283447265,0.06607142857142857,0.77,0.05714285714285714,0.075
34500,42.192354946136476,0.06607142857142857,0.77,0.05714285714285714,0.075
34600,42.08879247665405,0.055357142857142855,0.76,0.06071428571428571,0.05
34700,42.66699041366577,0.06607142857142857,0.77,0.05714285714285714,0.075
34800,41.367204875946044,0.06607142857142857,0.77,0.05714285714285714,0.075
34900,41.5838835144043,0.055357142857142855,0.76,0.06071428571428571,0.05
35000,43.82856977462769,0.055357142857142855,0.76,0.06071428571428571,0.05
35100,42.09691770553589,0.055357142857142855,0.76,0.06071428571428571,0.05
35200,42.51585990905762,0.055357142857142855,0.76,0.06071428571428571,0.05
35300,43.34430240631104,0.055357142857142855,0.76,0.06071428571428571,0.05
35400,42.04762844085693,0.055357142857142855,0.76,0.06071428571428571,0.05
35500,42.03096481323242,0.055357142857142855,0.76,0.06071428571428571,0.05
35600,42.390172996520995,0.055357142857142855,0.76,0.06071428571428571,0.05
35700,40.464026565551755,0.055357142857142855,0.76,0.06071428571428571,0.05
35800,43.87914463043213,0.055357142857142855,0.76,0.06071428571428571,0.05
35900,43.09530138015747,0.055357142857142855,0.76,0.06071428571428571,0.05
36000,41.426420555114746,0.055357142857142855,0.76,0.06071428571428571,0.05
36100,43.6715151309967,0.055357142857142855,0.76,0.06071428571428571,0.05
36200,43.77263040542603,0.055357142857142855,0.76,0.06071428571428571,0.05
36300,41.651755542755126,0.055357142857142855,0.76,0.06071428571428571,0.05
36400,41.34653558731079,0.055357142857142855,0.76,0.06071428571428571,0.05
36500,42.73941083908081,0.055357142857142855,0.76,0.06071428571428571,0.05
36600,42.925577602386475,0.055357142857142855,0.76,0.06071428571428571,0.05
36700,42.888126621246336,0.055357142857142855,0.76,0.06071428571428571,0.05
36800,45.027452659606936,0.055357142857142855,0.76,0.06071428571428571,0.05
36900,42.18845455169678,0.055357142857142855,0.76,0.06071428571428571,0.05
37000,43.348061065673825,0.055357142857142855,0.76,0.06071428571428571,0.05
37100,43.725041675567624,0.06607142857142857,0.77,0.05714285714285714,0.075
37200,43.95952531814575,0.055357142857142855,0.76,0.06071428571428571,0.05
37300,42.55626049041748,0.055357142857142855,0.76,0.06071428571428571,0.05
37400,42.67371467590332,0.055357142857142855,0.76,0.06071428571428571,0.05
37500,42.95182104110718,0.055357142857142855,0.76,0.06071428571428571,0.05
37600,42.30988380432129,0.055357142857142855,0.76,0.06071428571428571,0.05
37700,43.12514459609985,0.055357142857142855,0.76,0.06071428571428571,0.05
37800,42.88439678192139,0.055357142857142855,0.76,0.06071428571428571,0.05
37900,45.23460241317749,0.055357142857142855,0.76,0.06071428571428571,0.05
38000,42.78980796813965,0.055357142857142855,0.76,0.06071428571428571,0.05
38100,43.23151391983032,0.055357142857142855,0.76,0.06071428571428571,0.05
38200,44.096575241088864,0.055357142857142855,0.76,0.06071428571428571,0.05
38300,43.73683185577393,0.055357142857142855,0.76,0.06071428571428571,0.05
38400,42.996246662139896,0.055357142857142855,0.76,0.06071428571428571,0.05
38500,41.51308622360229,0.055357142857142855,0.76,0.06071428571428571,0.05
38600,44.183559856414796,0.055357142857142855,0.76,0.06071428571428571,0.05
38700,43.575845909118655,0.055357142857142855,0.76,0.06071428571428571,0.05
38800,40.73290964126587,0.055357142857142855,0.76,0.06071428571428571,0.05
38900,41.75174900054932,0.055357142857142855,0.76,0.06071428571428571,0.05
39000,43.09884708404541,0.055357142857142855,0.76,0.06071428571428571,0.05
39100,42.4268083190918,0.055357142857142855,0.76,0.06071428571428571,0.05
39200,43.05026727676392,0.055357142857142855,0.76,0.06071428571428571,0.05
39300,42.26566656112671,0.055357142857142855,0.76,0.06071428571428571,0.05
39400,42.52787986755371,0.055357142857142855,0.76,0.06071428571428571,0.05
39500,41.70327169418335,0.055357142857142855,0.76,0.06071428571428571,0.05
39600,41.76445220947266,0.055357142857142855,0.76,0.06071428571428571,0.05
39700,42.76858045578003,0.055357142857142855,0.76,0.06071428571428571,0.05
39800,43.93156934738159,0.055357142857142855,0.76,0.06071428571428571,0.05
39900,41.98450603485107,0.055357142857142855,0.76,0.06071428571428571,0.05
40000,43.249538822174074,0.055357142857142855,0.76,0.06071428571428571,0.05
