100,25.227260150909423,0.25,0.91,0.25,0.25
200,23.687723445892335,0.20833333333333331,0.9,0.21666666666666665,0.2
300,23.22056587219238,0.20833333333333331,0.9,0.21666666666666665,0.2
400,22.559403781890868,0.20833333333333331,0.88,0.21666666666666665,0.2
500,22.233732213973997,0.30833333333333335,0.9,0.26666666666666666,0.35
600,22.388633956909178,0.225,0.9199999999999999,0.2,0.25
700,20.944949531555174,0.21666666666666667,0.9199999999999999,0.18333333333333332,0.25
800,21.60547869682312,0.2583333333333333,0.91,0.26666666666666666,0.25
900,20.66241331577301,0.19166666666666665,0.8400000000000001,0.18333333333333332,0.2
1000,21.054274377822875,0.20833333333333331,0.89,0.21666666666666665,0.2
1100,19.787393255233766,0.14166666666666666,0.97,0.18333333333333332,0.1
1200,20.4748154258728,0.20833333333333331,0.69,0.21666666666666665,0.2
1300,20.46710115432739,0.2,0.86,0.2,0.2
1400,19.928237857818605,0.19166666666666665,0.76,0.18333333333333332,0.2
1500,20.173253259658814,0.2,0.79,0.2,0.2
1600,19.111393880844116,0.19166666666666665,0.72,0.18333333333333332,0.2
1700,19.200415554046632,0.2,0.8500000000000001,0.2,0.2
1800,19.49838348388672,0.09166666666666667,0.8300000000000001,0.13333333333333333,0.05
1900,19.932773027420044,0.2,0.89,0.2,0.2
2000,19.076773505210877,0.2,0.79,0.2,0.2
2100,19.783706941604613,0.15,0.89,0.15,0.15
2200,18.688438367843627,0.14166666666666666,0.8300000000000001,0.13333333333333333,0.15
2300,18.60770164489746,0.15,0.81,0.15,0.15
2400,18.166751084327696,0.125,0.78,0.15,0.1
2500,18.937605953216554,0.20833333333333331,0.8,0.21666666666666665,0.2
2600,18.18770712852478,0.19166666666666665,0.8300000000000001,0.18333333333333332,0.2
2700,17.502903246879576,0.1,0.8400000000000001,0.1,0.1
2800,18.090473957061768,0.2,0.88,0.2,0.2
2900,19.165092821121217,0.15833333333333333,0.87,0.16666666666666669,0.15
3000,17.725020785331726,0.11666666666666667,0.75,0.13333333333333333,0.1
3100,17.867691202163698,0.15,0.81,0.15,0.15
3200,18.530239067077638,0.125,0.78,0.15,0.1
3300,17.027038078308106,0.15,0.8300000000000001,0.15,0.15
3400,17.932555837631227,0.15,0.73,0.15,0.15
3500,18.058426146507262,0.15833333333333333,0.72,0.16666666666666669,0.15
3600,17.47976689338684,0.225,0.89,0.25,0.2
3700,17.713200035095216,0.19166666666666665,0.79,0.18333333333333332,0.2
3800,17.698154978752136,0.15833333333333333,0.69,0.16666666666666669,0.15
3900,17.669610533714295,0.10833333333333334,0.8200000000000001,0.11666666666666667,0.1
4000,17.39021216392517,0.16666666666666666,0.76,0.18333333333333332,0.15
4100,16.530542583465575,0.15833333333333333,0.78,0.16666666666666669,0.15
4200,17.138146920204164,0.13333333333333333,0.89,0.11666666666666667,0.15
4300,17.049095778465272,0.225,0.78,0.2,0.25
4400,16.429772272109986,0.13333333333333333,0.8500000000000001,0.11666666666666667,0.15
4500,16.71196542263031,0.09166666666666667,0.8500000000000001,0.08333333333333334,0.1
4600,16.350053820610047,0.15,0.75,0.15,0.15
4700,16.881581768989562,0.09166666666666667,0.8400000000000001,0.08333333333333334,0.1
4800,17.59800003051758,0.2,0.8400000000000001,0.2,0.2
4900,16.955147647857665,0.10833333333333334,0.86,0.11666666666666667,0.1
5000,15.680465168952942,0.11666666666666667,0.8300000000000001,0.08333333333333334,0.15
5100,16.147691979408265,0.1,0.77,0.1,0.1
5200,16.376773233413697,0.13333333333333333,0.8500000000000001,0.11666666666666667,0.15
5300,16.33077303647995,0.19166666666666665,0.78,0.18333333333333332,0.2
5400,16.540447254180908,0.11666666666666667,0.7,0.13333333333333333,0.1
5500,15.868927087783813,0.14166666666666666,0.77,0.13333333333333333,0.15
5600,14.365428061485291,0.125,0.76,0.15,0.1
5700,15.865558919906617,0.14166666666666666,0.8200000000000001,0.13333333333333333,0.15
5800,15.570259947776794,0.11666666666666667,0.75,0.13333333333333333,0.1
5900,16.19102195262909,0.1,0.8300000000000001,0.1,0.1
6000,14.469466285705566,0.21666666666666667,0.77,0.23333333333333334,0.2
6100,15.394995164871215,0.09166666666666667,0.7,0.08333333333333334,0.1
6200,15.046802849769593,0.11666666666666667,0.72,0.13333333333333333,0.1
6300,15.885610065460206,0.14166666666666666,0.89,0.13333333333333333,0.15
6400,16.29950096607208,0.125,0.86,0.1,0.15
6500,14.97280982017517,0.14166666666666666,0.8,0.13333333333333333,0.15
6600,15.02630223751068,0.09166666666666667,0.76,0.08333333333333334,0.1
6700,15.612077603340149,0.09166666666666667,0.8500000000000001,0.08333333333333334,0.1
6800,15.32490436553955,0.15,0.74,0.15,0.15
6900,16.24491204738617,0.09166666666666667,0.8400000000000001,0.08333333333333334,0.1
7000,14.94986569404602,0.125,0.79,0.1,0.15
7100,14.502545356750488,0.11666666666666667,0.81,0.13333333333333333,0.1
7200,15.16132447719574,0.125,0.76,0.15,0.1
7300,15.817624950408936,0.1,0.77,0.1,0.1
7400,15.694427042007446,0.07500000000000001,0.78,0.1,0.05
7500,15.716918244361878,0.09166666666666667,0.8300000000000001,0.08333333333333334,0.1
7600,15.116975531578063,0.15833333333333333,0.75,0.16666666666666669,0.15
7700,14.77275640487671,0.10833333333333334,0.79,0.11666666666666667,0.1
7800,14.617218337059022,0.05,0.81,0.05,0.05
7900,14.683775658607482,0.125,0.75,0.1,0.15
8000,14.378279891014099,0.06666666666666668,0.76,0.08333333333333334,0.05
8100,15.015712118148803,0.09166666666666667,0.79,0.08333333333333334,0.1
8200,15.229563918113708,0.275,0.8500000000000001,0.25,0.3
8300,14.57865730524063,0.125,0.8200000000000001,0.1,0.15
8400,15.046719408035278,0.15,0.8200000000000001,0.15,0.15
8500,14.788042702674865,0.11666666666666667,0.72,0.13333333333333333,0.1
8600,14.03237102985382,0.1,0.76,0.1,0.1
8700,14.828078851699829,0.1,0.74,0.1,0.1
8800,14.551498503684998,0.06666666666666668,0.87,0.08333333333333334,0.05
8900,14.457730057239532,0.14166666666666666,0.6799999999999999,0.13333333333333333,0.15
9000,15.076785979270936,0.11666666666666667,0.66,0.13333333333333333,0.1
9100,14.763582215309142,0.15,0.8200000000000001,0.15,0.15
9200,14.603280229568481,0.11666666666666667,0.73,0.13333333333333333,0.1
9300,14.753391537666321,0.125,0.76,0.1,0.15
9400,14.663002848625183,0.13333333333333333,0.79,0.11666666666666667,0.15
9500,14.449232704639435,0.06666666666666668,0.77,0.08333333333333334,0.05
9600,14.42922075510025,0.1,0.75,0.1,0.1
9700,14.148482131958009,0.10833333333333334,0.81,0.11666666666666667,0.1
9800,14.149046387076378,0.09166666666666667,0.8500000000000001,0.08333333333333334,0.1
9900,14.60088150024414,0.06666666666666668,0.77,0.08333333333333334,0.05
10000,13.569109406471252,0.05,0.8,0.05,0.05
10100,13.131594986915589,0.1,0.76,0.1,0.1
10200,11.470291510820388,0.1,0.72,0.1,0.1
10300,13.258608989715576,0.06666666666666668,0.69,0.08333333333333334,0.05
10400,12.913575901985169,0.06666666666666668,0.71,0.08333333333333334,0.05
10500,13.467145571708679,0.15,0.75,0.15,0.15
10600,12.475748420953751,0.10833333333333334,0.6799999999999999,0.11666666666666667,0.1
10700,13.578888490200043,0.1,0.78,0.1,0.1
10800,13.021281392574311,0.05,0.77,0.05,0.05
10900,12.609481704235076,0.05,0.73,0.05,0.05
11000,12.994297549724578,0.14166666666666666,0.77,0.13333333333333333,0.15
11100,12.836178207397461,0.05,0.79,0.05,0.05
11200,12.923223459720612,0.058333333333333334,0.77,0.06666666666666667,0.05
11300,13.094618668556214,0.1,0.66,0.1,0.1
11400,12.506713955402374,0.058333333333333334,0.77,0.06666666666666667,0.05
11500,12.55613716840744,0.1,0.71,0.1,0.1
11600,11.756620931625367,0.05,0.71,0.05,0.05
11700,12.738691658973694,0.058333333333333334,0.76,0.06666666666666667,0.05
11800,13.374112294912338,0.05,0.78,0.05,0.05
11900,11.23326053738594,0.1,0.79,0.1,0.1
12000,13.273633871078491,0.18333333333333335,0.71,0.16666666666666669,0.2
12100,12.476284918785096,0.10833333333333334,0.73,0.11666666666666667,0.1
12200,12.253731716871261,0.06666666666666668,0.71,0.08333333333333334,0.05
12300,12.123825402259827,0.1,0.72,0.1,0.1
12400,12.693045120239258,0.11666666666666667,0.69,0.13333333333333333,0.1
12500,12.996816194057464,0.07500000000000001,0.74,0.05,0.1
12600,12.81236510515213,0.1,0.75,0.1,0.1
12700,12.257181227207184,0.1,0.71,0.1,0.1
12800,12.399318940639496,0.05,0.71,0.05,0.05
12900,12.845268018245697,0.10833333333333334,0.6799999999999999,0.11666666666666667,0.1
13000,12.349959590435027,0.14166666666666666,0.6799999999999999,0.13333333333333333,0.15
13100,12.306514372825623,0.06666666666666668,0.71,0.08333333333333334,0.05
13200,12.19055871963501,0.14166666666666666,0.74,0.13333333333333333,0.15
13300,12.888020958900452,0.1,0.75,0.1,0.1
13400,13.07559163570404,0.125,0.78,0.1,0.15
13500,12.41180966258049,0.058333333333333334,0.77,0.06666666666666667,0.05
13600,12.349109771251678,0.10833333333333334,0.71,0.11666666666666667,0.1
13700,13.162634973526002,0.058333333333333334,0.7,0.06666666666666667,0.05
13800,12.61470649123192,0.05,0.71,0.05,0.05
13900,12.379655969142913,0.1,0.6799999999999999,0.1,0.1
14000,11.831529421806335,0.09166666666666667,0.72,0.08333333333333334,0.1
14100,12.581566512584686,0.10833333333333334,0.72,0.11666666666666667,0.1
14200,12.774894541501999,0.10833333333333334,0.7,0.11666666666666667,0.1
14300,12.042676801681518,0.05,0.71,0.05,0.05
14400,11.908686281442643,0.09166666666666667,0.69,0.08333333333333334,0.1
14500,12.352853813171386,0.05,0.71,0.05,0.05
14600,11.882585141658783,0.08333333333333334,0.73,0.06666666666666667,0.1
14700,13.399926306009293,0.11666666666666667,0.8,0.13333333333333333,0.1
14800,12.940597069263458,0.11666666666666667,0.74,0.13333333333333333,0.1
14900,12.170869755744935,0.10833333333333334,0.75,0.11666666666666667,0.1
15000,12.137665462493896,0.09166666666666667,0.78,0.08333333333333334,0.1
15100,10.619494196176529,0.10833333333333334,0.69,0.11666666666666667,0.1
15200,13.18761753320694,0.09166666666666667,0.71,0.08333333333333334,0.1
15300,11.563664865493774,0.05,0.72,0.05,0.05
15400,12.590156018733978,0.1,0.7,0.1,0.1
15500,12.542904489040374,0.058333333333333334,0.74,0.06666666666666667,0.05
15600,12.837871146202087,0.058333333333333334,0.6799999999999999,0.06666666666666667,0.05
15700,12.311480096578599,0.09166666666666667,0.72,0.08333333333333334,0.1
15800,11.827563459873199,0.15,0.8,0.15,0.15
15900,11.401779634952545,0.1,0.7,0.1,0.1
16000,12.752455887794495,0.11666666666666667,0.74,0.13333333333333333,0.1
16100,13.233341166973114,0.10833333333333334,0.6799999999999999,0.11666666666666667,0.1
16200,12.21995795249939,0.058333333333333334,0.74,0.06666666666666667,0.05
16300,12.524055632352828,0.058333333333333334,0.75,0.06666666666666667,0.05
16400,11.607363426685334,0.10833333333333334,0.67,0.11666666666666667,0.1
16500,12.545811705589294,0.09166666666666667,0.71,0.08333333333333334,0.1
16600,12.83438458919525,0.09166666666666667,0.78,0.08333333333333334,0.1
16700,12.553953926563263,0.1,0.7,0.1,0.1
16800,12.20031127691269,0.058333333333333334,0.73,0.06666666666666667,0.05
16900,11.452813669443131,0.10833333333333334,0.74,0.11666666666666667,0.1
17000,11.650899701118469,0.05,0.6799999999999999,0.05,0.05
17100,12.219333362579345,0.125,0.65,0.1,0.15
17200,11.681920605897904,0.08333333333333334,0.75,0.06666666666666667,0.1
17300,11.602787744998931,0.05,0.8,0.05,0.05
17400,11.75189666748047,0.09166666666666667,0.72,0.08333333333333334,0.1
17500,10.627483422756194,0.125,0.7,0.15,0.1
17600,11.199813615083695,0.07500000000000001,0.69,0.1,0.05
17700,10.829056267738343,0.05,0.6799999999999999,0.05,0.05
17800,11.19584990978241,0.058333333333333334,0.81,0.06666666666666667,0.05
17900,11.840892975330354,0.05,0.78,0.05,0.05
18000,11.258616544008255,0.05,0.72,0.05,0.05
18100,12.459970421791077,0.06666666666666668,0.72,0.08333333333333334,0.05
18200,11.943674906492234,0.09166666666666667,0.74,0.08333333333333334,0.1
18300,11.712458267211915,0.1,0.69,0.1,0.1
18400,10.844508786201477,0.09166666666666667,0.66,0.08333333333333334,0.1
18500,12.755785388946533,0.10833333333333334,0.71,0.11666666666666667,0.1
18600,10.926007424592973,0.10833333333333334,0.7,0.11666666666666667,0.1
18700,12.41138821363449,0.15,0.74,0.15,0.15
18800,12.277041931152343,0.10833333333333334,0.72,0.11666666666666667,0.1
18900,12.704164831638336,0.1,0.77,0.1,0.1
19000,12.435528030395508,0.14166666666666666,0.72,0.13333333333333333,0.15
19100,12.759135534763336,0.10833333333333334,0.75,0.11666666666666667,0.1
19200,11.986152837276459,0.05,0.77,0.05,0.05
19300,11.86046492099762,0.1,0.74,0.1,0.1
19400,12.846121593713761,0.05,0.76,0.05,0.05
19500,12.123852899074555,0.09166666666666667,0.77,0.08333333333333334,0.1
19600,11.675564320087434,0.1,0.75,0.1,0.1
19700,11.650970118045807,0.05,0.72,0.05,0.05
19800,11.710024129152298,0.1,0.67,0.1,0.1
19900,12.018638758659362,0.1,0.72,0.1,0.1
20000,12.320738458633423,0.10833333333333334,0.76,0.11666666666666667,0.1
20100,12.168186589479447,0.1,0.71,0.1,0.1
20200,11.670424239635468,0.08333333333333334,0.71,0.06666666666666667,0.1
20300,11.053587429523468,0.058333333333333334,0.73,0.06666666666666667,0.05
20400,11.793936696052551,0.10833333333333334,0.75,0.11666666666666667,0.1
20500,11.257261834144593,0.10833333333333334,0.69,0.11666666666666667,0.1
20600,12.054100151062011,0.058333333333333334,0.74,0.06666666666666667,0.05
20700,11.062320410013198,0.058333333333333334,0.7,0.06666666666666667,0.05
20800,10.926892833709717,0.125,0.72,0.1,0.15
20900,11.180462110042573,0.09166666666666667,0.73,0.08333333333333334,0.1
21000,11.308052070140839,0.1,0.69,0.1,0.1
21100,10.059632947444916,0.13333333333333333,0.69,0.11666666666666667,0.15
21200,11.171633648872376,0.1,0.72,0.1,0.1
21300,11.351463303565978,0.05,0.67,0.05,0.05
21400,10.876278502941132,0.1,0.72,0.1,0.1
21500,11.113550914525986,0.05,0.69,0.05,0.05
21600,11.693749772310257,0.09166666666666667,0.72,0.08333333333333334,0.1
21700,10.450698280930519,0.1,0.71,0.1,0.1
21800,12.052389216423034,0.1,0.64,0.1,0.1
21900,10.492809495925904,0.1,0.71,0.1,0.1
22000,10.821648706197738,0.05,0.72,0.05,0.05
22100,10.668796291351319,0.05,0.6799999999999999,0.05,0.05
22200,10.655064777135848,0.025,0.72,0.05,0.0
22300,11.139935157299043,0.05,0.7,0.05,0.05
22400,11.434138941764832,0.09166666666666667,0.69,0.08333333333333334,0.1
22500,10.924693489074707,0.09166666666666667,0.69,0.08333333333333334,0.1
22600,10.074928177595138,0.058333333333333334,0.71,0.06666666666666667,0.05
22700,10.909842462539673,0.058333333333333334,0.73,0.06666666666666667,0.05
22800,10.277486720085143,0.058333333333333334,0.67,0.06666666666666667,0.05
22900,10.299308030605316,0.05,0.75,0.05,0.05
23000,11.258442730903626,0.10833333333333334,0.66,0.11666666666666667,0.1
23100,11.714242522716523,0.05,0.73,0.05,0.05
23200,11.569844815731049,0.1,0.69,0.1,0.1
23300,12.124433838129043,0.09166666666666667,0.73,0.08333333333333334,0.1
23400,10.720245558023453,0.11666666666666667,0.67,0.13333333333333333,0.1
23500,11.384684529304504,0.1,0.64,0.1,0.1
23600,11.42367003917694,0.09166666666666667,0.66,0.08333333333333334,0.1
23700,10.22786715388298,0.1,0.71,0.1,0.1
23800,10.633416411876679,0.058333333333333334,0.64,0.06666666666666667,0.05
23900,11.1479966878891,0.06666666666666668,0.69,0.08333333333333334,0.05
24000,11.252831126451492,0.10833333333333334,0.71,0.11666666666666667,0.1
24100,11.580410274267196,0.058333333333333334,0.7,0.06666666666666667,0.05
24200,11.429365459084512,0.1,0.7,0.1,0.1
24300,11.593959190845489,0.05,0.69,0.05,0.05
24400,10.433828068971634,0.1,0.66,0.1,0.1
24500,10.772127015590668,0.058333333333333334,0.63,0.06666666666666667,0.05
24600,11.668235006332397,0.1,0.72,0.1,0.1
24700,10.517611132860184,0.058333333333333334,0.7,0.06666666666666667,0.05
24800,10.386117014884949,0.09166666666666667,0.71,0.08333333333333334,0.1
24900,11.510260152816773,0.06666666666666668,0.65,0.08333333333333334,0.05
25000,11.007673621177673,0.09166666666666667,0.7,0.08333333333333334,0.1
25100,11.083540518283844,0.05,0.66,0.05,0.05
25200,10.64105105161667,0.09166666666666667,0.65,0.08333333333333334,0.1
25300,10.623975805044175,0.05,0.63,0.05,0.05
25400,10.177386178970337,0.1,0.65,0.1,0.1
25500,11.373390836715698,0.09166666666666667,0.73,0.08333333333333334,0.1
25600,11.225533056259156,0.10833333333333334,0.59,0.11666666666666667,0.1
25700,10.706636589765548,0.125,0.6799999999999999,0.1,0.15
25800,10.931420292854309,0.11666666666666667,0.67,0.13333333333333333,0.1
25900,11.38669625878334,0.1,0.72,0.1,0.1
26000,10.657227425575256,0.05,0.69,0.05,0.05
26100,11.397362067699433,0.09166666666666667,0.74,0.08333333333333334,0.1
26200,10.610814362764359,0.1,0.7,0.1,0.1
26300,10.877173237800598,0.09166666666666667,0.7,0.08333333333333334,0.1
26400,10.260493614673614,0.1,0.69,0.1,0.1
26500,12.047438971996307,0.09166666666666667,0.6799999999999999,0.08333333333333334,0.1
26600,10.970437688827515,0.1,0.67,0.1,0.1
26700,10.216265496015549,0.09166666666666667,0.69,0.08333333333333334,0.1
26800,11.534512314796448,0.09166666666666667,0.73,0.08333333333333334,0.1
26900,9.806823583841323,0.09166666666666667,0.7,0.08333333333333334,0.1
27000,10.527283465862274,0.05,0.69,0.05,0.05
27100,11.516886367797852,0.025,0.6799999999999999,0.05,0.0
27200,10.363349380493164,0.1,0.73,0.1,0.1
27300,11.076101312637329,0.10833333333333334,0.71,0.11666666666666667,0.1
27400,11.64204512834549,0.09166666666666667,0.67,0.08333333333333334,0.1
27500,11.152764921188355,0.058333333333333334,0.71,0.06666666666666667,0.05
27600,11.30902182340622,0.058333333333333334,0.6799999999999999,0.06666666666666667,0.05
27700,11.16129256606102,0.1,0.69,0.1,0.1
27800,11.279122480154037,0.058333333333333334,0.71,0.06666666666666667,0.05
27900,10.042873520851135,0.058333333333333334,0.6799999999999999,0.06666666666666667,0.05
28000,10.43830361843109,0.1,0.67,0.1,0.1
28100,11.122374641895295,0.1,0.65,0.1,0.1
28200,11.668534170389176,0.09166666666666667,0.7,0.08333333333333334,0.1
28300,10.812587072849274,0.1,0.67,0.1,0.1
28400,12.179090349674224,0.05,0.6799999999999999,0.05,0.05
28500,11.279211403131486,0.09166666666666667,0.67,0.08333333333333334,0.1
28600,10.846255288124084,0.1,0.67,0.1,0.1
28700,10.40420241355896,0.09166666666666667,0.64,0.08333333333333334,0.1
28800,10.95456384062767,0.1,0.7,0.1,0.1
28900,10.469416395425796,0.058333333333333334,0.6799999999999999,0.06666666666666667,0.05
29000,11.423869667053223,0.125,0.66,0.1,0.15
29100,11.364572491645813,0.1,0.75,0.1,0.1
29200,11.195305052995682,0.05,0.6799999999999999,0.05,0.05
29300,11.971976881027222,0.1,0.7,0.1,0.1
29400,11.603487358093261,0.09166666666666667,0.6799999999999999,0.08333333333333334,0.1
29500,10.551462061405182,0.09166666666666667,0.7,0.08333333333333334,0.1
29600,10.328509993553162,0.09166666666666667,0.72,0.08333333333333334,0.1
29700,11.472991755008698,0.05,0.73,0.05,0.05
29800,11.269734117984772,0.1,0.65,0.1,0.1
29900,10.697183108329773,0.05,0.72,0.05,0.05
30000,10.54531122803688,0.06666666666666668,0.66,0.08333333333333334,0.05
30100,10.941970150470734,0.125,0.66,0.1,0.15
30200,11.489638967514038,0.058333333333333334,0.67,0.06666666666666667,0.05
30300,10.220285102128983,0.1,0.65,0.1,0.1
30400,11.620285851955414,0.1,0.66,0.1,0.1
30500,10.374312870502472,0.09166666666666667,0.63,0.08333333333333334,0.1
30600,10.282281643152237,0.058333333333333334,0.66,0.06666666666666667,0.05
30700,11.040770568847655,0.09166666666666667,0.66,0.08333333333333334,0.1
30800,11.696107783317565,0.09166666666666667,0.69,0.08333333333333334,0.1
30900,10.227480788230896,0.06666666666666668,0.69,0.08333333333333334,0.05
31000,10.056806143522262,0.058333333333333334,0.64,0.06666666666666667,0.05
31100,10.065328142642976,0.058333333333333334,0.65,0.06666666666666667,0.05
31200,9.748419970273972,0.05,0.65,0.05,0.05
31300,10.037361158132553,0.13333333333333333,0.64,0.11666666666666667,0.15
31400,10.827232211828232,0.058333333333333334,0.65,0.06666666666666667,0.05
31500,11.315161962509155,0.058333333333333334,0.66,0.06666666666666667,0.05
31600,10.094277293682099,0.1,0.67,0.1,0.1
31700,10.64257961511612,0.10833333333333334,0.6799999999999999,0.11666666666666667,0.1
31800,11.096031665802002,0.05,0.72,0.05,0.05
31900,10.789184523820877,0.058333333333333334,0.65,0.06666666666666667,0.05
32000,9.345673800110816,0.09166666666666667,0.66,0.08333333333333334,0.1
32100,9.583373084068299,0.05,0.6799999999999999,0.05,0.05
32200,10.292326029539108,0.058333333333333334,0.64,0.06666666666666667,0.05
32300,10.917243373394012,0.1,0.67,0.1,0.1
32400,10.409916325807572,0.05,0.66,0.05,0.05
32500,10.184420561790466,0.05,0.66,0.05,0.05
32600,10.807795952558518,0.058333333333333334,0.63,0.06666666666666667,0.05
32700,9.614075370430946,0.1,0.64,0.1,0.1
32800,11.060471096038818,0.10833333333333334,0.66,0.11666666666666667,0.1
32900,11.075584027767182,0.06666666666666668,0.66,0.08333333333333334,0.05
33000,10.170690935850143,0.09166666666666667,0.69,0.08333333333333334,0.1
33100,10.592208017110824,0.058333333333333334,0.72,0.06666666666666667,0.05
33200,9.849737162590026,0.058333333333333334,0.62,0.06666666666666667,0.05
33300,10.244016059637069,0.1,0.66,0.1,0.1
33400,9.57535986661911,0.10833333333333334,0.6,0.11666666666666667,0.1
33500,10.094491939544678,0.1,0.65,0.1,0.1
33600,10.095377374887466,0.1,0.64,0.1,0.1
33700,10.294639031887055,0.09166666666666667,0.66,0.08333333333333334,0.1
33800,10.779158080816268,0.058333333333333334,0.64,0.06666666666666667,0.05
33900,11.120493013858795,0.1,0.63,0.1,0.1
34000,10.105081933736802,0.1,0.63,0.1,0.1
34100,10.588738386631013,0.08333333333333334,0.63,0.06666666666666667,0.1
34200,10.44267982006073,0.05,0.6799999999999999,0.05,0.05
34300,11.424978337287904,0.06666666666666668,0.63,0.08333333333333334,0.05
34400,11.025039389133454,0.1,0.65,0.1,0.1
34500,10.066498888731003,0.1,0.65,0.1,0.1
34600,9.613565343618394,0.058333333333333334,0.64,0.06666666666666667,0.05
34700,10.024346823692321,0.06666666666666668,0.69,0.08333333333333334,0.05
34800,10.106729191541671,0.05,0.65,0.05,0.05
34900,10.529398429393769,0.06666666666666668,0.6799999999999999,0.08333333333333334,0.05
35000,9.450581302642822,0.09166666666666667,0.62,0.08333333333333334,0.1
35100,10.32459912776947,0.058333333333333334,0.62,0.06666666666666667,0.05
35200,11.740963591337204,0.058333333333333334,0.67,0.06666666666666667,0.05
35300,9.753073805570603,0.1,0.64,0.1,0.1
35400,9.87719378232956,0.06666666666666668,0.65,0.08333333333333334,0.05
35500,10.18994180202484,0.06666666666666668,0.6,0.08333333333333334,0.05
35600,10.927426035404205,0.08333333333333334,0.65,0.06666666666666667,0.1
35700,11.042545104026795,0.05,0.65,0.05,0.05
35800,10.71813747882843,0.09166666666666667,0.63,0.08333333333333334,0.1
35900,10.672403638362885,0.1,0.63,0.1,0.1
36000,9.72329848408699,0.06666666666666668,0.62,0.08333333333333334,0.05
36100,9.356538078784943,0.1,0.61,0.1,0.1
36200,10.839717814922333,0.058333333333333334,0.6799999999999999,0.06666666666666667,0.05
36300,10.753122519254685,0.09166666666666667,0.66,0.08333333333333334,0.1
36400,10.60092579960823,0.1,0.63,0.1,0.1
36500,9.837227900624276,0.06666666666666668,0.63,0.08333333333333334,0.05
36600,10.341104484796524,0.09166666666666667,0.64,0.08333333333333334,0.1
36700,10.281844683885573,0.10833333333333334,0.64,0.11666666666666667,0.1
36800,10.600740881562233,0.09166666666666667,0.66,0.08333333333333334,0.1
36900,10.17454055905342,0.058333333333333334,0.65,0.06666666666666667,0.05
37000,10.371311779022216,0.058333333333333334,0.66,0.06666666666666667,0.05
37100,10.678944324851036,0.058333333333333334,0.62,0.06666666666666667,0.05
37200,10.784588634967804,0.1,0.65,0.1,0.1
37300,10.468967263698579,0.058333333333333334,0.63,0.06666666666666667,0.05
37400,9.995596774816512,0.1,0.65,0.1,0.1
37500,10.442426896691323,0.058333333333333334,0.61,0.06666666666666667,0.05
37600,9.88058812379837,0.058333333333333334,0.63,0.06666666666666667,0.05
37700,10.476848778724671,0.058333333333333334,0.66,0.06666666666666667,0.05
37800,10.03196835398674,0.058333333333333334,0.65,0.06666666666666667,0.05
37900,10.596646764278411,0.09166666666666667,0.64,0.08333333333333334,0.1
38000,9.726847350597382,0.1,0.6799999999999999,0.1,0.1
38100,10.708571543693543,0.1,0.67,0.1,0.1
38200,10.071441890001298,0.058333333333333334,0.65,0.06666666666666667,0.05
38300,9.9273244702816,0.09166666666666667,0.66,0.08333333333333334,0.1
38400,9.078332238197326,0.04166666666666667,0.61,0.03333333333333333,0.05
38500,9.546329852342605,0.058333333333333334,0.67,0.06666666666666667,0.05
38600,9.337614455223083,0.10833333333333334,0.64,0.11666666666666667,0.1
38700,10.711135606765747,0.1,0.67,0.1,0.1
38800,9.847304141521454,0.10833333333333334,0.65,0.11666666666666667,0.1
38900,9.225772703886031,0.1,0.65,0.1,0.1
39000,9.906285769939423,0.1,0.62,0.1,0.1
39100,9.761953014135361,0.058333333333333334,0.63,0.06666666666666667,0.05
39200,10.643717428445816,0.058333333333333334,0.66,0.06666666666666667,0.05
39300,10.239496992826462,0.09166666666666667,0.69,0.08333333333333334,0.1
39400,9.70249328672886,0.06666666666666668,0.65,0.08333333333333334,0.05
39500,10.822414207458497,0.06666666666666668,0.67,0.08333333333333334,0.05
39600,9.700461729764939,0.058333333333333334,0.64,0.06666666666666667,0.05
39700,10.25024032473564,0.06666666666666668,0.63,0.08333333333333334,0.05
39800,9.96478003501892,0.08333333333333334,0.64,0.11666666666666667,0.05
39900,10.235046306848526,0.058333333333333334,0.64,0.06666666666666667,0.05
40000,10.310176463127137,0.06666666666666668,0.63,0.08333333333333334,0.05
40100,9.351624147891998,0.05,0.64,0.05,0.05
40200,9.888586361408233,0.1,0.64,0.1,0.1
40300,10.052143112421035,0.09166666666666667,0.63,0.08333333333333334,0.1
40400,9.256966798901558,0.09166666666666667,0.62,0.08333333333333334,0.1
40500,10.963153276443482,0.1,0.64,0.1,0.1
40600,9.668994923830033,0.1,0.65,0.1,0.1
40700,9.365931500196456,0.058333333333333334,0.63,0.06666666666666667,0.05
40800,9.197781418561936,0.09166666666666667,0.64,0.08333333333333334,0.1
40900,9.507297936677933,0.09166666666666667,0.62,0.08333333333333334,0.1
41000,10.231295557022095,0.10833333333333334,0.62,0.11666666666666667,0.1
41100,10.35171972990036,0.058333333333333334,0.63,0.06666666666666667,0.05
41200,8.98696909248829,0.10833333333333334,0.63,0.11666666666666667,0.1
41300,9.834745292663575,0.09166666666666667,0.65,0.08333333333333334,0.1
41400,9.47219600558281,0.058333333333333334,0.63,0.06666666666666667,0.05
41500,9.71443257212639,0.058333333333333334,0.64,0.06666666666666667,0.05
41600,10.873542546033859,0.09166666666666667,0.64,0.08333333333333334,0.1
41700,10.265099999904633,0.09166666666666667,0.66,0.08333333333333334,0.1
41800,10.08068759560585,0.10833333333333334,0.63,0.11666666666666667,0.1
41900,9.170444918870926,0.08333333333333334,0.64,0.06666666666666667,0.1
42000,10.095955331921578,0.058333333333333334,0.65,0.06666666666666667,0.05
42100,9.913990862369538,0.058333333333333334,0.64,0.06666666666666667,0.05
42200,9.935125677585601,0.1,0.63,0.1,0.1
42300,10.418692216873168,0.058333333333333334,0.66,0.06666666666666667,0.05
42400,11.080754014253616,0.058333333333333334,0.67,0.06666666666666667,0.05
42500,9.748170238733291,0.1,0.63,0.1,0.1
42600,9.974789475202561,0.1,0.64,0.1,0.1
42700,10.000577709674836,0.06666666666666668,0.65,0.08333333333333334,0.05
42800,9.495385427474975,0.058333333333333334,0.62,0.06666666666666667,0.05
42900,9.80334669828415,0.09166666666666667,0.66,0.08333333333333334,0.1
43000,9.953385981321334,0.058333333333333334,0.65,0.06666666666666667,0.05
43100,10.081118969917297,0.08333333333333334,0.65,0.06666666666666667,0.1
43200,9.944485775232316,0.058333333333333334,0.65,0.06666666666666667,0.05
43300,10.10223206937313,0.09166666666666667,0.63,0.08333333333333334,0.1
43400,10.895732976198197,0.05,0.6799999999999999,0.05,0.05
43500,10.43763885140419,0.09166666666666667,0.67,0.08333333333333334,0.1
43600,8.712410813570022,0.058333333333333334,0.64,0.06666666666666667,0.05
43700,9.582690389156342,0.09166666666666667,0.64,0.08333333333333334,0.1
43800,9.89605267047882,0.08333333333333334,0.62,0.06666666666666667,0.1
43900,9.804978370666504,0.05,0.67,0.05,0.05
44000,9.6920945084095,0.09166666666666667,0.65,0.08333333333333334,0.1
44100,10.364008234739304,0.05,0.69,0.05,0.05
44200,10.080428413152696,0.09166666666666667,0.66,0.08333333333333334,0.1
44300,10.034652220010758,0.058333333333333334,0.64,0.06666666666666667,0.05
44400,9.199630850553513,0.058333333333333334,0.64,0.06666666666666667,0.05
44500,9.64904657781124,0.08333333333333334,0.67,0.06666666666666667,0.1
44600,10.502902310490608,0.058333333333333334,0.65,0.06666666666666667,0.05
44700,10.112561841011047,0.058333333333333334,0.6799999999999999,0.06666666666666667,0.05
44800,9.64429677605629,0.05,0.65,0.05,0.05
44900,9.868035516738892,0.1,0.61,0.1,0.1
45000,10.163709997534752,0.08333333333333334,0.62,0.06666666666666667,0.1
45100,9.441777331829071,0.09166666666666667,0.64,0.08333333333333334,0.1
45200,10.702525752782822,0.06666666666666668,0.62,0.08333333333333334,0.05
45300,9.822183569669724,0.058333333333333334,0.59,0.06666666666666667,0.05
45400,9.778140131235123,0.058333333333333334,0.65,0.06666666666666667,0.05
45500,9.193627226352692,0.058333333333333334,0.64,0.06666666666666667,0.05
45600,9.13858910560608,0.09166666666666667,0.66,0.08333333333333334,0.1
45700,9.69952559351921,0.1,0.65,0.1,0.1
45800,9.210291430950164,0.058333333333333334,0.63,0.06666666666666667,0.05
45900,9.52081512749195,0.06666666666666668,0.63,0.08333333333333334,0.05
46000,9.551291187405587,0.08333333333333334,0.63,0.06666666666666667,0.1
46100,10.102651026248932,0.09166666666666667,0.64,0.08333333333333334,0.1
46200,9.714645923376084,0.06666666666666668,0.61,0.08333333333333334,0.05
46300,9.821936767101288,0.058333333333333334,0.64,0.06666666666666667,0.05
46400,10.247989820241928,0.058333333333333334,0.65,0.06666666666666667,0.05
46500,10.693597892522812,0.1,0.66,0.1,0.1
46600,9.522762606143951,0.1,0.65,0.1,0.1
46700,9.569809577465058,0.06666666666666668,0.65,0.08333333333333334,0.05
46800,9.417173976302147,0.08333333333333334,0.67,0.06666666666666667,0.1
46900,10.517074291706086,0.09166666666666667,0.64,0.08333333333333334,0.1
47000,9.693782296180725,0.06666666666666668,0.61,0.08333333333333334,0.05
47100,9.808079017400742,0.10833333333333334,0.64,0.06666666666666667,0.15
47200,10.160504505634307,0.06666666666666668,0.64,0.08333333333333334,0.05
47300,9.354390965104104,0.125,0.62,0.1,0.15
47400,10.627092995643615,0.1,0.63,0.1,0.1
47500,9.381665863990783,0.09166666666666667,0.62,0.08333333333333334,0.1
47600,10.36489731311798,0.08333333333333334,0.62,0.06666666666666667,0.1
47700,10.159793934822083,0.09166666666666667,0.63,0.08333333333333334,0.1
47800,9.905780543088913,0.058333333333333334,0.66,0.06666666666666667,0.05
47900,10.687717736959458,0.09166666666666667,0.67,0.08333333333333334,0.1
48000,9.664245979189873,0.058333333333333334,0.64,0.06666666666666667,0.05
48100,9.843078736066818,0.08333333333333334,0.66,0.06666666666666667,0.1
48200,10.13871626496315,0.058333333333333334,0.66,0.06666666666666667,0.05
48300,10.249633659124374,0.06666666666666668,0.62,0.08333333333333334,0.05
48400,10.041588253974915,0.058333333333333334,0.62,0.06666666666666667,0.05
48500,10.353267360925674,0.09166666666666667,0.66,0.08333333333333334,0.1
48600,9.662288032770157,0.058333333333333334,0.63,0.06666666666666667,0.05
48700,9.587093883156776,0.058333333333333334,0.63,0.06666666666666667,0.05
48800,9.045484056472779,0.058333333333333334,0.64,0.06666666666666667,0.05
48900,10.059914666414262,0.06666666666666668,0.63,0.08333333333333334,0.05
49000,9.952697663605214,0.09166666666666667,0.63,0.08333333333333334,0.1
49100,9.889979552030564,0.05,0.6799999999999999,0.05,0.05
49200,8.573378712534904,0.058333333333333334,0.66,0.06666666666666667,0.05
49300,9.40038080573082,0.05,0.63,0.05,0.05
49400,10.29287930727005,0.058333333333333334,0.64,0.06666666666666667,0.05
49500,9.689155411720275,0.06666666666666668,0.63,0.08333333333333334,0.05
49600,9.874374586343766,0.058333333333333334,0.63,0.06666666666666667,0.05
49700,10.39782675266266,0.09166666666666667,0.67,0.08333333333333334,0.1
49800,9.193199671506882,0.09166666666666667,0.64,0.08333333333333334,0.1
49900,9.627359915971756,0.08333333333333334,0.65,0.06666666666666667,0.1
50000,10.066444071233272,0.058333333333333334,0.64,0.06666666666666667,0.05
50100,8.516773134469986,0.058333333333333334,0.61,0.06666666666666667,0.05
50200,10.022562398910523,0.08333333333333334,0.64,0.06666666666666667,0.1
50300,10.325279099941254,0.058333333333333334,0.61,0.06666666666666667,0.05
50400,9.465314341783523,0.058333333333333334,0.61,0.06666666666666667,0.05
50500,10.782061703801155,0.058333333333333334,0.63,0.06666666666666667,0.05
50600,9.382179346084595,0.09166666666666667,0.63,0.08333333333333334,0.1
50700,9.24996445298195,0.09166666666666667,0.63,0.08333333333333334,0.1
50800,10.203301851749421,0.1,0.61,0.1,0.1
50900,10.528461406230926,0.09166666666666667,0.65,0.08333333333333334,0.1
51000,9.496206222772598,0.058333333333333334,0.64,0.06666666666666667,0.05
51100,10.248332203626633,0.058333333333333334,0.65,0.06666666666666667,0.05
51200,10.239103519916535,0.058333333333333334,0.65,0.06666666666666667,0.05
51300,9.440849520564079,0.058333333333333334,0.6,0.06666666666666667,0.05
51400,9.642960773706436,0.058333333333333334,0.63,0.06666666666666667,0.05
51500,11.020234222412109,0.058333333333333334,0.61,0.06666666666666667,0.05
51600,9.437517086267471,0.09166666666666667,0.65,0.08333333333333334,0.1
51700,9.476060837507248,0.09166666666666667,0.64,0.08333333333333334,0.1
51800,9.798989954590798,0.058333333333333334,0.63,0.06666666666666667,0.05
51900,10.218578912615776,0.06666666666666668,0.61,0.08333333333333334,0.05
52000,9.598491300344467,0.09166666666666667,0.66,0.08333333333333334,0.1
52100,9.647606348395348,0.1,0.66,0.1,0.1
52200,9.903682911992073,0.058333333333333334,0.64,0.06666666666666667,0.05
52300,9.47853464961052,0.058333333333333334,0.63,0.06666666666666667,0.05
52400,9.860808155536652,0.058333333333333334,0.62,0.06666666666666667,0.05
52500,9.616715846061707,0.058333333333333334,0.62,0.06666666666666667,0.05
52600,9.716394190192222,0.07500000000000001,0.62,0.05,0.1
52700,9.583226330280304,0.08333333333333334,0.62,0.06666666666666667,0.1
52800,9.301331944465637,0.06666666666666668,0.62,0.08333333333333334,0.05
52900,9.806090935468674,0.06666666666666668,0.61,0.08333333333333334,0.05
53000,8.440878698825836,0.10833333333333334,0.63,0.06666666666666667,0.15
53100,8.384437793493271,0.08333333333333334,0.65,0.06666666666666667,0.1
53200,10.923833258152008,0.058333333333333334,0.65,0.06666666666666667,0.05
53300,10.033597683906555,0.058333333333333334,0.64,0.06666666666666667,0.05
53400,9.043142376542091,0.05,0.63,0.05,0.05
53500,11.061328098773956,0.058333333333333334,0.64,0.06666666666666667,0.05
53600,9.94627278149128,0.058333333333333334,0.63,0.06666666666666667,0.05
53700,9.45904393017292,0.05,0.63,0.05,0.05
53800,9.869856804609299,0.058333333333333334,0.6,0.06666666666666667,0.05
53900,10.312202632427216,0.058333333333333334,0.61,0.06666666666666667,0.05
54000,9.389324985742569,0.058333333333333334,0.61,0.06666666666666667,0.05
54100,9.841599479913711,0.058333333333333334,0.64,0.06666666666666667,0.05
54200,9.50585936665535,0.058333333333333334,0.62,0.06666666666666667,0.05
54300,9.559329627156258,0.058333333333333334,0.62,0.06666666666666667,0.05
54400,10.226991583108902,0.058333333333333334,0.65,0.06666666666666667,0.05
54500,9.71019528746605,0.058333333333333334,0.63,0.06666666666666667,0.05
54600,10.072188732624054,0.058333333333333334,0.64,0.06666666666666667,0.05
54700,9.068534270524978,0.058333333333333334,0.64,0.06666666666666667,0.05
54800,10.088100423812866,0.058333333333333334,0.64,0.06666666666666667,0.05
54900,9.441267974376679,0.058333333333333334,0.64,0.06666666666666667,0.05
55000,9.718250209093094,0.08333333333333334,0.64,0.06666666666666667,0.1
55100,8.771266251802444,0.058333333333333334,0.63,0.06666666666666667,0.05
55200,10.026787815093995,0.058333333333333334,0.63,0.06666666666666667,0.05
55300,9.819520418643952,0.06666666666666668,0.62,0.08333333333333334,0.05
55400,10.703027762174607,0.06666666666666668,0.62,0.08333333333333334,0.05
55500,9.776042795181274,0.058333333333333334,0.63,0.06666666666666667,0.05
55600,10.083657079935074,0.058333333333333334,0.63,0.06666666666666667,0.05
55700,9.48559473156929,0.058333333333333334,0.61,0.06666666666666667,0.05
55800,10.09459141254425,0.09166666666666667,0.62,0.08333333333333334,0.1
55900,8.612857088446617,0.09166666666666667,0.62,0.08333333333333334,0.1
56000,9.971807091236114,0.058333333333333334,0.6,0.06666666666666667,0.05
56100,9.546685425043107,0.058333333333333334,0.63,0.06666666666666667,0.05
56200,9.575168998241425,0.06666666666666668,0.62,0.08333333333333334,0.05
56300,9.890890636444091,0.058333333333333334,0.65,0.06666666666666667,0.05
56400,9.740786263942718,0.06666666666666668,0.62,0.08333333333333334,0.05
56500,9.447242343425751,0.058333333333333334,0.64,0.06666666666666667,0.05
56600,10.061842097043991,0.058333333333333334,0.64,0.06666666666666667,0.05
56700,9.716214188337325,0.058333333333333334,0.64,0.06666666666666667,0.05
56800,9.628581615686416,0.058333333333333334,0.62,0.06666666666666667,0.05
56900,9.413540362119674,0.08333333333333334,0.63,0.06666666666666667,0.1
57000,9.462696469426156,0.08333333333333334,0.62,0.06666666666666667,0.1
57100,9.771991817951202,0.058333333333333334,0.63,0.06666666666666667,0.05
57200,8.644325230121613,0.06666666666666668,0.61,0.08333333333333334,0.05
57300,9.839241752624512,0.058333333333333334,0.6,0.06666666666666667,0.05
57400,9.5173437666893,0.058333333333333334,0.62,0.06666666666666667,0.05
57500,9.6165076982975,0.06666666666666668,0.61,0.08333333333333334,0.05
57600,8.917506095170975,0.06666666666666668,0.63,0.08333333333333334,0.05
57700,10.473787885904311,0.058333333333333334,0.63,0.06666666666666667,0.05
57800,9.52088415980339,0.06666666666666668,0.61,0.08333333333333334,0.05
57900,10.10113129913807,0.06666666666666668,0.61,0.08333333333333334,0.05
58000,9.754606454372405,0.06666666666666668,0.62,0.08333333333333334,0.05
58100,9.251952992677689,0.09166666666666667,0.65,0.08333333333333334,0.1
58200,10.306203516721725,0.058333333333333334,0.63,0.06666666666666667,0.05
58300,10.089103181362152,0.058333333333333334,0.65,0.06666666666666667,0.05
58400,9.672829877138138,0.058333333333333334,0.66,0.06666666666666667,0.05
58500,9.627998213768006,0.058333333333333334,0.66,0.06666666666666667,0.05
58600,9.818520468473434,0.058333333333333334,0.66,0.06666666666666667,0.05
58700,9.653359010219575,0.058333333333333334,0.65,0.06666666666666667,0.05
58800,9.047811029553413,0.058333333333333334,0.63,0.06666666666666667,0.05
58900,9.913004505634309,0.058333333333333334,0.64,0.06666666666666667,0.05
59000,9.643046572208405,0.058333333333333334,0.61,0.06666666666666667,0.05
59100,10.607883291244507,0.058333333333333334,0.61,0.06666666666666667,0.05
59200,9.534569092988967,0.058333333333333334,0.65,0.06666666666666667,0.05
59300,10.406446299552918,0.06666666666666668,0.61,0.08333333333333334,0.05
59400,9.32421142578125,0.08333333333333334,0.63,0.06666666666666667,0.1
59500,9.891240628361702,0.058333333333333334,0.62,0.06666666666666667,0.05
59600,10.480067276954651,0.058333333333333334,0.63,0.06666666666666667,0.05
59700,9.599525254964828,0.058333333333333334,0.65,0.06666666666666667,0.05
59800,9.252780321836472,0.058333333333333334,0.61,0.06666666666666667,0.05
59900,9.646784049272537,0.058333333333333334,0.63,0.06666666666666667,0.05
60000,9.7646220266819,0.05,0.65,0.05,0.05
60100,9.245498241186143,0.058333333333333334,0.63,0.06666666666666667,0.05
60200,10.065459176898003,0.058333333333333334,0.63,0.06666666666666667,0.05
60300,9.475900472402573,0.058333333333333334,0.62,0.06666666666666667,0.05
60400,8.672000842094421,0.058333333333333334,0.58,0.06666666666666667,0.05
60500,10.35132403254509,0.058333333333333334,0.63,0.06666666666666667,0.05
60600,8.930030047893524,0.058333333333333334,0.61,0.06666666666666667,0.05
60700,8.237369911670685,0.05,0.65,0.05,0.05
60800,9.786034371852875,0.058333333333333334,0.63,0.06666666666666667,0.05
60900,9.548672797083855,0.058333333333333334,0.62,0.06666666666666667,0.05
61000,10.184490592479706,0.05,0.67,0.05,0.05
61100,9.324162070751191,0.058333333333333334,0.61,0.06666666666666667,0.05
61200,10.071844532489777,0.058333333333333334,0.61,0.06666666666666667,0.05
61300,10.565990800857543,0.058333333333333334,0.61,0.06666666666666667,0.05
61400,9.609710781574249,0.058333333333333334,0.6,0.06666666666666667,0.05
61500,9.966849557161332,0.058333333333333334,0.62,0.06666666666666667,0.05
61600,9.645566880702972,0.058333333333333334,0.61,0.06666666666666667,0.05
61700,9.12013632774353,0.058333333333333334,0.62,0.06666666666666667,0.05
61800,9.536104674339294,0.058333333333333334,0.61,0.06666666666666667,0.05
61900,10.028357438445092,0.058333333333333334,0.61,0.06666666666666667,0.05
62000,9.186810102462768,0.058333333333333334,0.64,0.06666666666666667,0.05
62100,10.057205362319946,0.08333333333333334,0.65,0.06666666666666667,0.1
62200,9.140907871127128,0.058333333333333334,0.63,0.06666666666666667,0.05
62300,10.077640218138695,0.058333333333333334,0.63,0.06666666666666667,0.05
62400,10.04148621082306,0.058333333333333334,0.63,0.06666666666666667,0.05
62500,9.994316322803497,0.058333333333333334,0.63,0.06666666666666667,0.05
62600,9.28384814620018,0.058333333333333334,0.62,0.06666666666666667,0.05
62700,10.429615938663483,0.058333333333333334,0.62,0.06666666666666667,0.05
62800,10.118543580770492,0.058333333333333334,0.63,0.06666666666666667,0.05
62900,10.027658694982529,0.058333333333333334,0.61,0.06666666666666667,0.05
63000,9.807568385601044,0.08333333333333334,0.64,0.06666666666666667,0.1
63100,9.70723441362381,0.058333333333333334,0.63,0.06666666666666667,0.05
63200,9.718237018585205,0.058333333333333334,0.64,0.06666666666666667,0.05
63300,9.89867068171501,0.058333333333333334,0.63,0.06666666666666667,0.05
63400,9.813197847604751,0.058333333333333334,0.62,0.06666666666666667,0.05
63500,9.481837120056152,0.058333333333333334,0.61,0.06666666666666667,0.05
63600,9.083950676918029,0.058333333333333334,0.62,0.06666666666666667,0.05
63700,9.827947928905488,0.058333333333333334,0.62,0.06666666666666667,0.05
63800,8.8075186419487,0.058333333333333334,0.62,0.06666666666666667,0.05
63900,10.398649067878724,0.058333333333333334,0.62,0.06666666666666667,0.05
64000,10.593040560483933,0.058333333333333334,0.63,0.06666666666666667,0.05
64100,9.261360688209534,0.058333333333333334,0.61,0.06666666666666667,0.05
64200,10.850920009613038,0.058333333333333334,0.62,0.06666666666666667,0.05
64300,8.78239116549492,0.058333333333333334,0.65,0.06666666666666667,0.05
64400,9.941323688030243,0.058333333333333334,0.63,0.06666666666666667,0.05
64500,9.314754133969545,0.08333333333333334,0.64,0.06666666666666667,0.1
64600,9.663383373022079,0.08333333333333334,0.64,0.06666666666666667,0.1
64700,10.196611039638519,0.08333333333333334,0.64,0.06666666666666667,0.1
64800,9.05937162399292,0.058333333333333334,0.62,0.06666666666666667,0.05
64900,10.213487597703933,0.06666666666666668,0.63,0.08333333333333334,0.05
65000,9.864184799194335,0.058333333333333334,0.63,0.06666666666666667,0.05
65100,10.025999422073363,0.058333333333333334,0.64,0.06666666666666667,0.05
65200,9.599451980590821,0.058333333333333334,0.63,0.06666666666666667,0.05
65300,9.057749462127685,0.058333333333333334,0.62,0.06666666666666667,0.05
65400,8.797058697938919,0.058333333333333334,0.62,0.06666666666666667,0.05
65500,9.68972028195858,0.08333333333333334,0.62,0.06666666666666667,0.1
65600,9.921353178024292,0.058333333333333334,0.62,0.06666666666666667,0.05
65700,9.049167785644531,0.058333333333333334,0.64,0.06666666666666667,0.05
65800,8.985134481191634,0.09166666666666667,0.64,0.08333333333333334,0.1
65900,9.931855140924453,0.1,0.62,0.1,0.1
66000,10.484957935214043,0.08333333333333334,0.62,0.06666666666666667,0.1
66100,9.327423218488693,0.058333333333333334,0.62,0.06666666666666667,0.05
66200,9.633287021517754,0.058333333333333334,0.62,0.06666666666666667,0.05
66300,9.919884828329087,0.08333333333333334,0.63,0.06666666666666667,0.1
66400,8.979013262987136,0.058333333333333334,0.63,0.06666666666666667,0.05
66500,10.41887148976326,0.08333333333333334,0.63,0.06666666666666667,0.1
66600,9.058997200727463,0.058333333333333334,0.63,0.06666666666666667,0.05
66700,9.64848682641983,0.08333333333333334,0.62,0.06666666666666667,0.1
66800,9.753708760738373,0.08333333333333334,0.63,0.06666666666666667,0.1
66900,9.382542362213135,0.1,0.62,0.1,0.1
67000,9.506669161319733,0.058333333333333334,0.63,0.06666666666666667,0.05
67100,9.738181018829346,0.058333333333333334,0.64,0.06666666666666667,0.05
67200,9.669632307291032,0.058333333333333334,0.61,0.06666666666666667,0.05
67300,9.207661709785462,0.058333333333333334,0.62,0.06666666666666667,0.05
67400,8.664442438185215,0.058333333333333334,0.64,0.06666666666666667,0.05
67500,10.249837516546249,0.058333333333333334,0.64,0.06666666666666667,0.05
67600,9.644963241815567,0.025,0.63,0.05,0.0
67700,8.787550216913223,0.058333333333333334,0.61,0.06666666666666667,0.05
67800,10.504426790475845,0.058333333333333334,0.63,0.06666666666666667,0.05
67900,10.445854698419572,0.058333333333333334,0.63,0.06666666666666667,0.05
68000,9.058018980026246,0.08333333333333334,0.64,0.06666666666666667,0.1
68100,9.41180783867836,0.058333333333333334,0.64,0.06666666666666667,0.05
68200,10.727947536706925,0.058333333333333334,0.62,0.06666666666666667,0.05
68300,9.223298273086549,0.058333333333333334,0.63,0.06666666666666667,0.05
68400,9.714385553002357,0.058333333333333334,0.63,0.06666666666666667,0.05
68500,9.91196614265442,0.058333333333333334,0.65,0.06666666666666667,0.05
68600,9.177016549110412,0.058333333333333334,0.65,0.06666666666666667,0.05
68700,9.120616027116775,0.058333333333333334,0.63,0.06666666666666667,0.05
68800,9.609888070821762,0.08333333333333334,0.65,0.06666666666666667,0.1
68900,9.300932269096375,0.058333333333333334,0.64,0.06666666666666667,0.05
69000,10.459705855846405,0.08333333333333334,0.65,0.06666666666666667,0.1
69100,9.126581047773362,0.058333333333333334,0.63,0.06666666666666667,0.05
69200,11.167348005771636,0.06666666666666668,0.61,0.08333333333333334,0.05
69300,10.381157455444336,0.058333333333333334,0.63,0.06666666666666667,0.05
69400,9.476775475144386,0.08333333333333334,0.63,0.06666666666666667,0.1
69500,9.520138860940934,0.06666666666666668,0.62,0.08333333333333334,0.05
69600,10.397593024969101,0.058333333333333334,0.64,0.06666666666666667,0.05
69700,8.835477398633957,0.058333333333333334,0.64,0.06666666666666667,0.05
69800,9.428229103088379,0.058333333333333334,0.63,0.06666666666666667,0.05
69900,9.418977291584016,0.08333333333333334,0.62,0.06666666666666667,0.1
70000,10.86714359998703,0.058333333333333334,0.61,0.06666666666666667,0.05
70100,9.608241721391678,0.08333333333333334,0.62,0.06666666666666667,0.1
70200,9.20257595896721,0.08333333333333334,0.62,0.06666666666666667,0.1
70300,9.696642632484435,0.058333333333333334,0.62,0.06666666666666667,0.05
70400,9.53751274228096,0.08333333333333334,0.63,0.06666666666666667,0.1
70500,9.42208882689476,0.08333333333333334,0.63,0.06666666666666667,0.1
70600,9.322683583498002,0.058333333333333334,0.62,0.06666666666666667,0.05
70700,9.102816359996796,0.058333333333333334,0.62,0.06666666666666667,0.05
70800,9.243121594190598,0.058333333333333334,0.63,0.06666666666666667,0.05
70900,9.989945073723794,0.058333333333333334,0.64,0.06666666666666667,0.05
71000,9.177022985219956,0.08333333333333334,0.64,0.06666666666666667,0.1
71100,9.543017640113831,0.058333333333333334,0.64,0.06666666666666667,0.05
71200,9.427900714874268,0.058333333333333334,0.63,0.06666666666666667,0.05
71300,9.174142452478408,0.058333333333333334,0.63,0.06666666666666667,0.05
71400,10.137712917327882,0.058333333333333334,0.62,0.06666666666666667,0.05
71500,9.514504472017288,0.058333333333333334,0.62,0.06666666666666667,0.05
71600,9.000317091941833,0.058333333333333334,0.62,0.06666666666666667,0.05
71700,9.63084295630455,0.058333333333333334,0.62,0.06666666666666667,0.05
71800,9.926616903543472,0.058333333333333334,0.62,0.06666666666666667,0.05
71900,9.079069743156433,0.058333333333333334,0.62,0.06666666666666667,0.05
72000,10.118415818214416,0.058333333333333334,0.61,0.06666666666666667,0.05
72100,9.417183818817138,0.058333333333333334,0.63,0.06666666666666667,0.05
72200,9.095958412885667,0.058333333333333334,0.63,0.06666666666666667,0.05
72300,9.955241857767104,0.058333333333333334,0.64,0.06666666666666667,0.05
72400,10.876218937635421,0.058333333333333334,0.64,0.06666666666666667,0.05
72500,9.831552239656448,0.058333333333333334,0.64,0.06666666666666667,0.05
72600,8.583675080537796,0.08333333333333334,0.64,0.06666666666666667,0.1
72700,10.166624356508255,0.08333333333333334,0.64,0.06666666666666667,0.1
72800,9.190745096206665,0.058333333333333334,0.62,0.06666666666666667,0.05
72900,9.56794578909874,0.058333333333333334,0.63,0.06666666666666667,0.05
73000,10.098469945192337,0.058333333333333334,0.63,0.06666666666666667,0.05
73100,9.546919952630997,0.058333333333333334,0.63,0.06666666666666667,0.05
73200,8.977313984036446,0.058333333333333334,0.61,0.06666666666666667,0.05
73300,9.296700356006623,0.058333333333333334,0.62,0.06666666666666667,0.05
73400,9.04626249551773,0.058333333333333334,0.62,0.06666666666666667,0.05
73500,10.212447497844696,0.058333333333333334,0.61,0.06666666666666667,0.05
73600,10.077502698898316,0.058333333333333334,0.62,0.06666666666666667,0.05
73700,9.351635740995407,0.08333333333333334,0.62,0.06666666666666667,0.1
73800,9.32015830874443,0.06666666666666668,0.61,0.08333333333333334,0.05
73900,9.255108777284622,0.058333333333333334,0.61,0.06666666666666667,0.05
74000,9.280708765983581,0.058333333333333334,0.62,0.06666666666666667,0.05
74100,9.183349461555482,0.058333333333333334,0.61,0.06666666666666667,0.05
74200,9.687754265069962,0.058333333333333334,0.62,0.06666666666666667,0.05
74300,9.821091736555099,0.058333333333333334,0.62,0.06666666666666667,0.05
74400,9.529505219459534,0.058333333333333334,0.63,0.06666666666666667,0.05
74500,9.35961919784546,0.058333333333333334,0.62,0.06666666666666667,0.05
74600,9.296578063368797,0.058333333333333334,0.62,0.06666666666666667,0.05
74700,10.545950772762298,0.058333333333333334,0.61,0.06666666666666667,0.05
74800,8.415790765285491,0.058333333333333334,0.61,0.06666666666666667,0.05
74900,9.641923118829727,0.058333333333333334,0.61,0.06666666666666667,0.05
75000,9.953056514263153,0.058333333333333334,0.61,0.06666666666666667,0.05
75100,10.425903463363648,0.058333333333333334,0.62,0.06666666666666667,0.05
75200,9.461239963173867,0.058333333333333334,0.63,0.06666666666666667,0.05
75300,9.438028888702393,0.058333333333333334,0.62,0.06666666666666667,0.05
75400,9.392687643766402,0.058333333333333334,0.62,0.06666666666666667,0.05
75500,9.759396823048592,0.058333333333333334,0.63,0.06666666666666667,0.05
75600,9.208973582088948,0.058333333333333334,0.62,0.06666666666666667,0.05
75700,9.016316774487496,0.058333333333333334,0.61,0.06666666666666667,0.05
75800,10.996464841365814,0.058333333333333334,0.61,0.06666666666666667,0.05
75900,9.41134435892105,0.058333333333333334,0.6,0.06666666666666667,0.05
76000,9.494599109888076,0.058333333333333334,0.6,0.06666666666666667,0.05
76100,10.274580703377724,0.058333333333333334,0.61,0.06666666666666667,0.05
76200,9.18672061443329,0.058333333333333334,0.61,0.06666666666666667,0.05
76300,9.841061425209045,0.058333333333333334,0.62,0.06666666666666667,0.05
76400,9.374186191558838,0.058333333333333334,0.62,0.06666666666666667,0.05
76500,9.223086247444153,0.058333333333333334,0.61,0.06666666666666667,0.05
76600,8.936559488773346,0.058333333333333334,0.61,0.06666666666666667,0.05
76700,9.68057898759842,0.058333333333333334,0.61,0.06666666666666667,0.05
76800,9.68179258942604,0.058333333333333334,0.62,0.06666666666666667,0.05
76900,8.74368068575859,0.058333333333333334,0.62,0.06666666666666667,0.05
77000,10.226332133412361,0.058333333333333334,0.62,0.06666666666666667,0.05
77100,10.266975388526916,0.058333333333333334,0.62,0.06666666666666667,0.05
77200,9.708064194917679,0.058333333333333334,0.62,0.06666666666666667,0.05
77300,9.399715763330459,0.058333333333333334,0.62,0.06666666666666667,0.05
77400,9.796701637506485,0.058333333333333334,0.62,0.06666666666666667,0.05
77500,9.235837979316711,0.058333333333333334,0.62,0.06666666666666667,0.05
77600,8.719273281097411,0.058333333333333334,0.61,0.06666666666666667,0.05
77700,10.28494922399521,0.058333333333333334,0.62,0.06666666666666667,0.05
77800,9.770267624855041,0.058333333333333334,0.62,0.06666666666666667,0.05
77900,9.418286415338516,0.058333333333333334,0.63,0.06666666666666667,0.05
78000,9.231562373638154,0.058333333333333334,0.62,0.06666666666666667,0.05
78100,9.177156518101691,0.06666666666666668,0.62,0.08333333333333334,0.05
78200,9.708229262828826,0.058333333333333334,0.62,0.06666666666666667,0.05
78300,8.869892811775207,0.08333333333333334,0.63,0.06666666666666667,0.1
78400,8.90354233622551,0.058333333333333334,0.61,0.06666666666666667,0.05
78500,9.545314252376556,0.06666666666666668,0.6,0.08333333333333334,0.05
78600,9.39796560227871,0.058333333333333334,0.61,0.06666666666666667,0.05
78700,10.112385261058808,0.058333333333333334,0.6,0.06666666666666667,0.05
78800,9.336219230294228,0.058333333333333334,0.6,0.06666666666666667,0.05
78900,11.084595148563386,0.058333333333333334,0.61,0.06666666666666667,0.05
79000,8.72380587220192,0.058333333333333334,0.61,0.06666666666666667,0.05
79100,9.467406142950058,0.058333333333333334,0.6,0.06666666666666667,0.05
79200,9.247173750400544,0.058333333333333334,0.61,0.06666666666666667,0.05
79300,8.985918159484862,0.058333333333333334,0.62,0.06666666666666667,0.05
79400,9.325728131532669,0.058333333333333334,0.63,0.06666666666666667,0.05
79500,8.786801218986511,0.058333333333333334,0.63,0.06666666666666667,0.05
79600,11.1542155957222,0.058333333333333334,0.63,0.06666666666666667,0.05
79700,9.532219944000245,0.058333333333333334,0.64,0.06666666666666667,0.05
79800,9.307016628980637,0.058333333333333334,0.63,0.06666666666666667,0.05
79900,9.602964161634445,0.058333333333333334,0.62,0.06666666666666667,0.05
80000,8.961451031565666,0.058333333333333334,0.62,0.06666666666666667,0.05
80100,9.463577922582626,0.058333333333333334,0.62,0.06666666666666667,0.05
80200,10.36376297235489,0.058333333333333334,0.62,0.06666666666666667,0.05
80300,9.489488896727561,0.058333333333333334,0.62,0.06666666666666667,0.05
80400,8.946423811912537,0.058333333333333334,0.62,0.06666666666666667,0.05
80500,9.708444031476974,0.058333333333333334,0.62,0.06666666666666667,0.05
80600,9.089780642986298,0.058333333333333334,0.63,0.06666666666666667,0.05
80700,9.478466444015503,0.058333333333333334,0.62,0.06666666666666667,0.05
80800,9.634121513366699,0.058333333333333334,0.62,0.06666666666666667,0.05
80900,10.030836997032166,0.058333333333333334,0.62,0.06666666666666667,0.05
81000,9.808127796649933,0.058333333333333334,0.62,0.06666666666666667,0.05
81100,10.319840813875198,0.058333333333333334,0.62,0.06666666666666667,0.05
81200,9.072737784385682,0.058333333333333334,0.62,0.06666666666666667,0.05
81300,9.900867600440979,0.058333333333333334,0.62,0.06666666666666667,0.05
81400,9.717965304851532,0.058333333333333334,0.61,0.06666666666666667,0.05
81500,9.835093472003937,0.058333333333333334,0.62,0.06666666666666667,0.05
81600,10.000376484394074,0.058333333333333334,0.62,0.06666666666666667,0.05
81700,10.696073260307312,0.058333333333333334,0.62,0.06666666666666667,0.05
81800,9.438390702009201,0.058333333333333334,0.62,0.06666666666666667,0.05
81900,9.415547105073928,0.058333333333333334,0.62,0.06666666666666667,0.05
82000,9.397099857330323,0.058333333333333334,0.62,0.06666666666666667,0.05
82100,9.421716448068619,0.058333333333333334,0.61,0.06666666666666667,0.05
82200,10.004529986381531,0.058333333333333334,0.62,0.06666666666666667,0.05
82300,10.18090250492096,0.058333333333333334,0.61,0.06666666666666667,0.05
82400,10.158859049081803,0.058333333333333334,0.62,0.06666666666666667,0.05
82500,8.95674062013626,0.058333333333333334,0.62,0.06666666666666667,0.05
82600,9.528185700178147,0.058333333333333334,0.62,0.06666666666666667,0.05
82700,10.184321031570434,0.058333333333333334,0.61,0.06666666666666667,0.05
82800,9.728993046879769,0.058333333333333334,0.61,0.06666666666666667,0.05
82900,10.062626911997794,0.058333333333333334,0.61,0.06666666666666667,0.05
83000,9.965665910243988,0.058333333333333334,0.62,0.06666666666666667,0.05
83100,9.323870920538901,0.058333333333333334,0.62,0.06666666666666667,0.05
83200,9.103561770915984,0.058333333333333334,0.62,0.06666666666666667,0.05
83300,9.347207132577896,0.058333333333333334,0.62,0.06666666666666667,0.05
83400,9.291898072957993,0.058333333333333334,0.62,0.06666666666666667,0.05
83500,9.357174043655396,0.058333333333333334,0.62,0.06666666666666667,0.05
83600,9.363563976287843,0.058333333333333334,0.61,0.06666666666666667,0.05
83700,10.198841359615326,0.058333333333333334,0.62,0.06666666666666667,0.05
83800,9.060377680063247,0.058333333333333334,0.62,0.06666666666666667,0.05
83900,9.653874025344848,0.058333333333333334,0.61,0.06666666666666667,0.05
84000,9.619863471984864,0.058333333333333334,0.62,0.06666666666666667,0.05
84100,9.090080432891845,0.058333333333333334,0.61,0.06666666666666667,0.05
84200,9.296589677333833,0.058333333333333334,0.62,0.06666666666666667,0.05
84300,9.832034429311753,0.058333333333333334,0.61,0.06666666666666667,0.05
84400,9.361629041433334,0.058333333333333334,0.62,0.06666666666666667,0.05
84500,9.595459280014039,0.058333333333333334,0.62,0.06666666666666667,0.05
84600,9.96268463730812,0.058333333333333334,0.62,0.06666666666666667,0.05
84700,9.053115041255952,0.058333333333333334,0.62,0.06666666666666667,0.05
84800,9.226810054779053,0.058333333333333334,0.63,0.06666666666666667,0.05
84900,8.622013967633247,0.058333333333333334,0.63,0.06666666666666667,0.05
85000,8.469426494836807,0.08333333333333334,0.63,0.06666666666666667,0.1
85100,10.165117478966714,0.058333333333333334,0.62,0.06666666666666667,0.05
85200,9.241837010383605,0.058333333333333334,0.61,0.06666666666666667,0.05
85300,8.971040030121804,0.058333333333333334,0.61,0.06666666666666667,0.05
85400,9.862439250946045,0.058333333333333334,0.62,0.06666666666666667,0.05
85500,9.342963424921036,0.058333333333333334,0.61,0.06666666666666667,0.05
85600,9.268912001848221,0.058333333333333334,0.61,0.06666666666666667,0.05
85700,9.858895634412766,0.058333333333333334,0.62,0.06666666666666667,0.05
85800,9.435704292058945,0.08333333333333334,0.62,0.06666666666666667,0.1
85900,8.681823279857635,0.058333333333333334,0.61,0.06666666666666667,0.05
86000,9.517458944320678,0.058333333333333334,0.61,0.06666666666666667,0.05
86100,8.566997900009156,0.058333333333333334,0.61,0.06666666666666667,0.05
86200,9.371376149654388,0.058333333333333334,0.61,0.06666666666666667,0.05
86300,9.912710103392602,0.058333333333333334,0.61,0.06666666666666667,0.05
86400,9.837297803163528,0.058333333333333334,0.61,0.06666666666666667,0.05
86500,9.026319065093993,0.058333333333333334,0.61,0.06666666666666667,0.05
86600,10.098362846374512,0.058333333333333334,0.61,0.06666666666666667,0.05
86700,9.474453512430191,0.058333333333333334,0.6,0.06666666666666667,0.05
86800,9.261700187921525,0.058333333333333334,0.61,0.06666666666666667,0.05
86900,8.959335843324661,0.058333333333333334,0.61,0.06666666666666667,0.05
87000,9.694421026706696,0.058333333333333334,0.62,0.06666666666666667,0.05
87100,10.210258178710937,0.058333333333333334,0.6,0.06666666666666667,0.05
87200,8.783034496307373,0.058333333333333334,0.61,0.06666666666666667,0.05
87300,9.636206844449044,0.058333333333333334,0.61,0.06666666666666667,0.05
87400,9.57903536438942,0.058333333333333334,0.62,0.06666666666666667,0.05
87500,8.852882306575776,0.058333333333333334,0.62,0.06666666666666667,0.05
87600,8.767391291260719,0.058333333333333334,0.62,0.06666666666666667,0.05
87700,10.105229298472404,0.058333333333333334,0.62,0.06666666666666667,0.05
87800,9.092047280073166,0.058333333333333334,0.62,0.06666666666666667,0.05
87900,9.807567944526673,0.058333333333333334,0.62,0.06666666666666667,0.05
88000,8.818327736854553,0.058333333333333334,0.62,0.06666666666666667,0.05
88100,10.043106309175492,0.058333333333333334,0.61,0.06666666666666667,0.05
88200,10.79420190691948,0.058333333333333334,0.61,0.06666666666666667,0.05
88300,9.841791729927063,0.058333333333333334,0.62,0.06666666666666667,0.05
88400,9.483153660297393,0.058333333333333334,0.62,0.06666666666666667,0.05
88500,9.877671481370927,0.058333333333333334,0.61,0.06666666666666667,0.05
88600,9.175538413524627,0.058333333333333334,0.61,0.06666666666666667,0.05
88700,9.242185457348823,0.058333333333333334,0.61,0.06666666666666667,0.05
88800,9.37755917072296,0.058333333333333334,0.6,0.06666666666666667,0.05
88900,10.073287807703018,0.058333333333333334,0.61,0.06666666666666667,0.05
89000,10.239660212993622,0.058333333333333334,0.61,0.06666666666666667,0.05
89100,9.236035424470902,0.058333333333333334,0.61,0.06666666666666667,0.05
89200,10.496818553209305,0.058333333333333334,0.61,0.06666666666666667,0.05
89300,9.730877976417542,0.058333333333333334,0.61,0.06666666666666667,0.05
89400,8.64533166050911,0.058333333333333334,0.61,0.06666666666666667,0.05
89500,9.796990084648133,0.058333333333333334,0.61,0.06666666666666667,0.05
89600,9.560305762290955,0.058333333333333334,0.61,0.06666666666666667,0.05
89700,9.04594628572464,0.058333333333333334,0.61,0.06666666666666667,0.05
89800,9.135319377183913,0.058333333333333334,0.61,0.06666666666666667,0.05
89900,9.967768297791482,0.058333333333333334,0.61,0.06666666666666667,0.05
90000,8.708583302497864,0.058333333333333334,0.6,0.06666666666666667,0.05
90100,10.263383016586303,0.058333333333333334,0.6,0.06666666666666667,0.05
90200,8.262830636501313,0.058333333333333334,0.61,0.06666666666666667,0.05
90300,9.331072110533714,0.058333333333333334,0.61,0.06666666666666667,0.05
90400,9.667098925113677,0.058333333333333334,0.61,0.06666666666666667,0.05
90500,9.958512678146363,0.058333333333333334,0.61,0.06666666666666667,0.05
90600,9.735319774150849,0.058333333333333334,0.61,0.06666666666666667,0.05
90700,9.987757015228272,0.058333333333333334,0.61,0.06666666666666667,0.05
90800,9.916501808166505,0.058333333333333334,0.61,0.06666666666666667,0.05
90900,9.72808771133423,0.058333333333333334,0.61,0.06666666666666667,0.05
91000,9.047582550048828,0.058333333333333334,0.61,0.06666666666666667,0.05
91100,9.974571293592453,0.058333333333333334,0.61,0.06666666666666667,0.05
91200,9.337132382392884,0.058333333333333334,0.61,0.06666666666666667,0.05
91300,9.363252437114715,0.058333333333333334,0.61,0.06666666666666667,0.05
91400,8.761234238147736,0.058333333333333334,0.62,0.06666666666666667,0.05
91500,9.635552749633788,0.058333333333333334,0.62,0.06666666666666667,0.05
91600,8.252548800706863,0.058333333333333334,0.62,0.06666666666666667,0.05
91700,9.094189517498016,0.058333333333333334,0.62,0.06666666666666667,0.05
91800,9.23731723666191,0.058333333333333334,0.62,0.06666666666666667,0.05
91900,9.980784890651703,0.058333333333333334,0.62,0.06666666666666667,0.05
92000,9.722153029441834,0.058333333333333334,0.62,0.06666666666666667,0.05
92100,9.281608680486679,0.058333333333333334,0.62,0.06666666666666667,0.05
92200,10.830278265476228,0.058333333333333334,0.63,0.06666666666666667,0.05
92300,9.789387220144272,0.058333333333333334,0.63,0.06666666666666667,0.05
92400,9.005156384706497,0.058333333333333334,0.63,0.06666666666666667,0.05
92500,8.676906988620757,0.058333333333333334,0.62,0.06666666666666667,0.05
92600,9.567512426376343,0.058333333333333334,0.62,0.06666666666666667,0.05
92700,8.879672080278397,0.058333333333333334,0.62,0.06666666666666667,0.05
92800,9.497829346656799,0.058333333333333334,0.61,0.06666666666666667,0.05
92900,9.735629907250404,0.058333333333333334,0.61,0.06666666666666667,0.05
93000,9.335854153633118,0.058333333333333334,0.61,0.06666666666666667,0.05
93100,10.47410903930664,0.058333333333333334,0.61,0.06666666666666667,0.05
93200,9.265392715930938,0.058333333333333334,0.62,0.06666666666666667,0.05
93300,10.234451685547828,0.058333333333333334,0.62,0.06666666666666667,0.05
93400,8.943230546712876,0.058333333333333334,0.62,0.06666666666666667,0.05
93500,9.513554657697677,0.058333333333333334,0.62,0.06666666666666667,0.05
93600,9.542766489386558,0.058333333333333334,0.62,0.06666666666666667,0.05
93700,9.053594217300414,0.058333333333333334,0.62,0.06666666666666667,0.05
93800,8.856129013299942,0.058333333333333334,0.62,0.06666666666666667,0.05
93900,10.199138532876969,0.058333333333333334,0.62,0.06666666666666667,0.05
94000,10.702932438850404,0.058333333333333334,0.62,0.06666666666666667,0.05
94100,9.25865233182907,0.058333333333333334,0.62,0.06666666666666667,0.05
94200,9.119691659212112,0.058333333333333334,0.62,0.06666666666666667,0.05
94300,9.458394619226455,0.058333333333333334,0.62,0.06666666666666667,0.05
94400,10.124149378538132,0.058333333333333334,0.62,0.06666666666666667,0.05
94500,9.519319117069244,0.058333333333333334,0.62,0.06666666666666667,0.05
94600,10.096417900323868,0.058333333333333334,0.62,0.06666666666666667,0.05
94700,10.068203402161599,0.058333333333333334,0.62,0.06666666666666667,0.05
94800,8.449749771952629,0.058333333333333334,0.62,0.06666666666666667,0.05
94900,10.683760447502136,0.058333333333333334,0.62,0.06666666666666667,0.05
95000,8.892924144268036,0.058333333333333334,0.62,0.06666666666666667,0.05
95100,8.392302355766297,0.058333333333333334,0.62,0.06666666666666667,0.05
95200,9.617128938138485,0.058333333333333334,0.62,0.06666666666666667,0.05
95300,9.82278965473175,0.058333333333333334,0.62,0.06666666666666667,0.05
95400,9.375633450746536,0.058333333333333334,0.62,0.06666666666666667,0.05
95500,9.223983469009399,0.058333333333333334,0.62,0.06666666666666667,0.05
95600,9.155002958774567,0.058333333333333334,0.62,0.06666666666666667,0.05
95700,9.529324655532838,0.058333333333333334,0.62,0.06666666666666667,0.05
95800,9.750813071727753,0.058333333333333334,0.62,0.06666666666666667,0.05
95900,9.335908851623536,0.058333333333333334,0.62,0.06666666666666667,0.05
96000,8.778000282645225,0.058333333333333334,0.62,0.06666666666666667,0.05
96100,10.071820265054702,0.058333333333333334,0.62,0.06666666666666667,0.05
96200,10.074855132102966,0.058333333333333334,0.62,0.06666666666666667,0.05
96300,9.18973198056221,0.058333333333333334,0.62,0.06666666666666667,0.05
96400,9.961837658882141,0.058333333333333334,0.62,0.06666666666666667,0.05
96500,9.188140255212783,0.058333333333333334,0.62,0.06666666666666667,0.05
96600,9.345423587560653,0.058333333333333334,0.62,0.06666666666666667,0.05
96700,9.195520598888397,0.058333333333333334,0.62,0.06666666666666667,0.05
96800,9.889493007659912,0.058333333333333334,0.62,0.06666666666666667,0.05
96900,8.515888858437538,0.058333333333333334,0.62,0.06666666666666667,0.05
97000,9.271832188367844,0.058333333333333334,0.62,0.06666666666666667,0.05
97100,8.997210335731506,0.058333333333333334,0.62,0.06666666666666667,0.05
97200,9.638094233870506,0.058333333333333334,0.62,0.06666666666666667,0.05
97300,9.41296083688736,0.058333333333333334,0.62,0.06666666666666667,0.05
97400,9.580552224516868,0.058333333333333334,0.62,0.06666666666666667,0.05
97500,9.092324397563935,0.058333333333333334,0.62,0.06666666666666667,0.05
97600,9.798153587579726,0.058333333333333334,0.62,0.06666666666666667,0.05
97700,9.556088343858718,0.058333333333333334,0.62,0.06666666666666667,0.05
97800,9.16017895579338,0.058333333333333334,0.62,0.06666666666666667,0.05
97900,9.840512478351593,0.058333333333333334,0.62,0.06666666666666667,0.05
98000,9.649129335284233,0.058333333333333334,0.62,0.06666666666666667,0.05
98100,9.50603005170822,0.058333333333333334,0.62,0.06666666666666667,0.05
98200,9.293855261802673,0.058333333333333334,0.63,0.06666666666666667,0.05
98300,8.826829171776772,0.08333333333333334,0.63,0.06666666666666667,0.1
98400,9.271670887470245,0.08333333333333334,0.63,0.06666666666666667,0.1
98500,9.967610379457474,0.058333333333333334,0.62,0.06666666666666667,0.05
98600,9.389992069602012,0.058333333333333334,0.62,0.06666666666666667,0.05
98700,8.948172237873077,0.058333333333333334,0.62,0.06666666666666667,0.05
98800,10.309180638790131,0.058333333333333334,0.63,0.06666666666666667,0.05
98900,9.38360402226448,0.058333333333333334,0.63,0.06666666666666667,0.05
99000,9.5977671033144,0.058333333333333334,0.63,0.06666666666666667,0.05
99100,9.261629443764686,0.058333333333333334,0.63,0.06666666666666667,0.05
99200,9.317255671024322,0.08333333333333334,0.63,0.06666666666666667,0.1
99300,9.072070117592812,0.08333333333333334,0.63,0.06666666666666667,0.1
99400,9.786374720335006,0.08333333333333334,0.63,0.06666666666666667,0.1
99500,10.310112898349763,0.08333333333333334,0.63,0.06666666666666667,0.1
99600,9.894533811807632,0.08333333333333334,0.63,0.06666666666666667,0.1
99700,9.825968203544617,0.08333333333333334,0.63,0.06666666666666667,0.1
99800,9.874584107995034,0.058333333333333334,0.63,0.06666666666666667,0.05
99900,9.1913553160429,0.08333333333333334,0.63,0.06666666666666667,0.1
100000,9.431381521224976,0.08333333333333334,0.63,0.06666666666666667,0.1
