100,389.77480743408205,0.32315476190476183,0.8942857142857142,0.3248809523809523,0.32142857142857145
200,372.80968688964845,0.30681547619047617,0.7914285714285716,0.30738095238095237,0.30624999999999997
300,361.2564013671875,0.3011309523809524,0.8542857142857143,0.3013690476190476,0.30089285714285713
400,359.5727279663086,0.2989285714285715,0.7571428571428572,0.29964285714285716,0.29821428571428577
500,351.8092498779297,0.3101488095238095,0.8200000000000001,0.3131547619047619,0.3071428571428571
600,347.4814630126953,0.28193452380952383,0.7571428571428571,0.285297619047619,0.2785714285714285
700,344.2638299560547,0.28455357142857146,0.7271428571428571,0.28874999999999995,0.28035714285714286
800,333.1135888671875,0.2806845238095238,0.7357142857142858,0.28011904761904766,0.28124999999999994
900,330.3502716064453,0.2324107142857143,0.6657142857142857,0.23267857142857137,0.23214285714285715
1000,324.0607473754883,0.27214285714285713,0.7285714285714285,0.27017857142857143,0.2741071428571429
1100,316.13441772460936,0.24526785714285712,0.6171428571428572,0.24857142857142858,0.24196428571428572
1200,311.565968170166,0.245625,0.6042857142857143,0.2457142857142857,0.24553571428571433
1300,312.75930358886717,0.22413690476190476,0.6014285714285715,0.22059523809523807,0.22767857142857142
1400,304.9338731384277,0.24333333333333332,0.7199999999999999,0.24202380952380947,0.24464285714285713
1500,306.69112060546877,0.21583333333333332,0.602857142857143,0.21648809523809526,0.21517857142857144
1600,297.42193084716797,0.2512202380952381,0.6428571428571429,0.2506547619047619,0.2517857142857143
1700,293.5385940551758,0.2434821428571429,0.6671428571428573,0.24410714285714288,0.24285714285714285
1800,295.99334701538083,0.253452380952381,0.6785714285714286,0.2497619047619048,0.2571428571428571
1900,289.02512634277343,0.21422619047619046,0.6057142857142858,0.2123809523809524,0.21607142857142855
2000,287.63083389282224,0.2145238095238095,0.5885714285714287,0.21386904761904763,0.21517857142857144
2100,282.4443020629883,0.2288988095238095,0.7114285714285715,0.2327976190476191,0.225
2200,283.0646611022949,0.2323511904761905,0.6171428571428572,0.23345238095238094,0.23124999999999998
2300,277.02013656616214,0.22324404761904762,0.6728571428571428,0.22416666666666668,0.22232142857142856
2400,280.37002670288086,0.20720238095238094,0.5928571428571429,0.20636904761904765,0.20803571428571427
2500,274.154370880127,0.20726190476190479,0.5942857142857143,0.20648809523809522,0.2080357142857143
2600,274.6478552246094,0.22038690476190476,0.6828571428571429,0.21845238095238098,0.2223214285714286
2700,271.8975325012207,0.24553571428571427,0.6542857142857142,0.24553571428571427,0.24553571428571427
2800,266.95991226196287,0.19898809523809521,0.562857142857143,0.19351190476190475,0.2044642857142857
2900,270.8959629821777,0.21491071428571426,0.5514285714285714,0.21464285714285716,0.2151785714285714
3000,267.97981353759764,0.2208035714285714,0.6742857142857143,0.22017857142857147,0.22142857142857145
3100,266.2309477233887,0.24392857142857144,0.6514285714285715,0.24499999999999997,0.24285714285714288
3200,268.05780197143554,0.18351190476190474,0.5514285714285715,0.1777380952380952,0.1892857142857143
3300,265.64800231933594,0.21029761904761907,0.6042857142857143,0.2116666666666667,0.2089285714285714
3400,262.4286767578125,0.22657738095238097,0.6957142857142857,0.22547619047619047,0.22767857142857142
3500,259.5321495056152,0.20282738095238098,0.5357142857142857,0.18511904761904763,0.2205357142857143
3600,257.92176849365234,0.2225,0.6671428571428573,0.22267857142857145,0.22232142857142856
3700,257.79320571899416,0.21610119047619047,0.5642857142857143,0.21523809523809523,0.2169642857142857
3800,259.65521850585935,0.2011904761904762,0.6557142857142857,0.19970238095238094,0.20267857142857143
3900,255.7385774230957,0.18610119047619045,0.5171428571428571,0.14898809523809523,0.22321428571428573
4000,251.6536735534668,0.22470238095238093,0.6985714285714285,0.22529761904761908,0.22410714285714284
4100,252.9400947570801,0.20255952380952383,0.6314285714285715,0.1988690476190476,0.20625000000000002
4200,252.8334962463379,0.22053571428571428,0.6885714285714286,0.21607142857142853,0.22500000000000003
4300,253.99248138427734,0.19711309523809528,0.5814285714285715,0.197797619047619,0.19642857142857142
4400,250.61040084838868,0.2094642857142857,0.6399999999999999,0.20910714285714288,0.20982142857142858
4500,254.03554809570312,0.1836607142857143,0.5157142857142857,0.14410714285714285,0.22321428571428567
4600,249.6807469177246,0.2099702380952381,0.59,0.20744047619047618,0.21249999999999997
4700,249.86475784301757,0.19517857142857145,0.5957142857142858,0.1867857142857143,0.20357142857142854
4800,245.31126953125,0.19556547619047618,0.5199999999999999,0.17238095238095236,0.21875000000000003
4900,251.56321212768555,0.17741071428571428,0.5157142857142857,0.1575,0.1973214285714286
5000,246.8794381713867,0.18898809523809526,0.5457142857142857,0.18154761904761907,0.19642857142857142
5100,232.29484634399415,0.1823511904761905,0.5128571428571428,0.1655952380952381,0.19910714285714284
5200,229.81948608398437,0.17625,0.5385714285714285,0.1685714285714286,0.18392857142857144
5300,231.59063934326173,0.18223214285714281,0.5285714285714286,0.1475,0.21696428571428572
5400,229.40489013671876,0.1845535714285714,0.5557142857142858,0.1744642857142857,0.19464285714285712
5500,230.31301223754883,0.18723214285714285,0.5471428571428572,0.17625,0.19821428571428573
5600,227.0908938598633,0.17113095238095236,0.5557142857142858,0.16547619047619047,0.1767857142857143
5700,226.72423828125,0.1801190476190476,0.5157142857142858,0.15398809523809526,0.20625000000000002
5800,229.3818829345703,0.1754166666666667,0.5642857142857143,0.17315476190476192,0.17767857142857144
5900,227.7873388671875,0.17261904761904764,0.5457142857142857,0.16488095238095238,0.18035714285714285
6000,231.29722091674805,0.18273809523809526,0.5642857142857143,0.17708333333333331,0.1883928571428571
6100,227.7249349975586,0.17699404761904763,0.5128571428571428,0.14684523809523808,0.20714285714285713
6200,223.6710040283203,0.18842261904761906,0.5828571428571429,0.18845238095238095,0.18839285714285717
6300,226.09895095825195,0.1836607142857143,0.5214285714285715,0.1655357142857143,0.20178571428571426
6400,222.4834278869629,0.18148809523809523,0.5428571428571429,0.17011904761904764,0.19285714285714287
6500,230.37473358154296,0.1844940476190476,0.5371428571428571,0.15291666666666665,0.21607142857142853
6600,225.79535049438476,0.17476190476190476,0.5385714285714286,0.17184523809523808,0.17767857142857144
6700,225.7627508544922,0.18014880952380952,0.5142857142857143,0.13529761904761903,0.22500000000000003
6800,225.98514739990233,0.19124999999999998,0.53,0.18160714285714286,0.20089285714285712
6900,227.06593338012695,0.17824404761904764,0.5514285714285715,0.16541666666666663,0.19107142857142856
7000,224.62473037719727,0.18160714285714286,0.5142857142857143,0.15607142857142858,0.20714285714285713
7100,223.99197494506836,0.17145833333333332,0.5542857142857144,0.16523809523809524,0.1776785714285714
7200,222.2973095703125,0.1817559523809524,0.5542857142857143,0.17601190476190479,0.1875
7300,226.76517654418944,0.175625,0.51,0.1369642857142857,0.21428571428571427
7400,221.47086181640626,0.18553571428571428,0.5371428571428571,0.16392857142857142,0.20714285714285713
7500,221.78711624145507,0.17806547619047616,0.5185714285714286,0.1418452380952381,0.21428571428571427
7600,221.76977478027345,0.17907738095238093,0.5157142857142858,0.16440476190476191,0.19375000000000003
7700,221.5529656982422,0.18705357142857143,0.5257142857142857,0.15625,0.21785714285714283
7800,227.53441604614258,0.17779761904761907,0.53,0.16898809523809524,0.1866071428571429
7900,222.1406379699707,0.17130952380952383,0.5114285714285715,0.13369047619047617,0.2089285714285714
8000,217.98701309204102,0.19291666666666668,0.5800000000000001,0.18226190476190476,0.20357142857142854
8100,224.71098068237305,0.169375,0.5328571428571429,0.15035714285714286,0.18839285714285717
8200,226.5320100402832,0.17511904761904762,0.5128571428571428,0.14666666666666667,0.2035714285714286
8300,218.38891479492187,0.17699404761904763,0.51,0.11738095238095238,0.23660714285714285
8400,220.3007489013672,0.17553571428571432,0.562857142857143,0.16803571428571432,0.18303571428571427
8500,218.94017288208008,0.17550595238095237,0.5171428571428571,0.14654761904761907,0.20446428571428574
8600,220.84699661254882,0.18523809523809523,0.5442857142857144,0.16601190476190478,0.2044642857142857
8700,223.2736296081543,0.17901785714285712,0.5642857142857143,0.1732142857142857,0.18482142857142853
8800,223.05047607421875,0.17821428571428571,0.5614285714285714,0.17517857142857143,0.18125
8900,216.47195495605467,0.18193452380952382,0.51,0.15226190476190476,0.21160714285714288
9000,217.1964320373535,0.18351190476190476,0.5357142857142857,0.15184523809523812,0.21517857142857144
9100,220.77114303588868,0.17517857142857146,0.52,0.1691071428571429,0.18125
9200,221.64125076293945,0.18136904761904762,0.5128571428571428,0.15023809523809523,0.2125
9300,217.75201187133788,0.173125,0.5514285714285715,0.16857142857142857,0.1776785714285714
9400,215.68122955322266,0.1854761904761905,0.5457142857142857,0.17630952380952378,0.19464285714285712
9500,213.34480758666993,0.18854166666666666,0.5728571428571428,0.1806547619047619,0.19642857142857142
9600,215.66103591918946,0.1762202380952381,0.5271428571428571,0.16583333333333333,0.18660714285714283
9700,221.05210083007813,0.17961309523809524,0.5371428571428571,0.16279761904761905,0.19642857142857142
9800,218.27201354980468,0.18476190476190477,0.54,0.16238095238095238,0.20714285714285713
9900,215.10977005004884,0.1792559523809524,0.51,0.11029761904761903,0.2482142857142857
10000,217.87307327270508,0.17440476190476192,0.5128571428571428,0.13988095238095238,0.20892857142857144
10100,210.08797576904297,0.16779761904761906,0.5085714285714286,0.12130952380952383,0.21428571428571427
10200,212.6631999206543,0.17729166666666668,0.5085714285714286,0.14922619047619048,0.20535714285714285
10300,210.70519485473633,0.17279761904761906,0.5071428571428571,0.13845238095238094,0.20714285714285713
10400,207.88889892578126,0.1685714285714286,0.5128571428571428,0.14785714285714288,0.1892857142857143
10500,212.64745193481446,0.17770833333333336,0.5128571428571428,0.13041666666666665,0.225
10600,212.45035263061524,0.1719940476190476,0.5128571428571428,0.1180952380952381,0.22589285714285712
10700,208.9688848876953,0.1801190476190476,0.5114285714285715,0.11559523809523808,0.24464285714285713
10800,210.72744247436523,0.17708333333333331,0.5171428571428571,0.13988095238095238,0.21428571428571433
10900,209.56733993530273,0.17232142857142857,0.5242857142857142,0.15714285714285717,0.1875
11000,208.80025268554687,0.17616071428571428,0.5085714285714286,0.0925,0.2598214285714286
11100,214.71541763305663,0.1745833333333333,0.5157142857142857,0.13577380952380952,0.21339285714285716
11200,206.4916650390625,0.1762202380952381,0.5128571428571428,0.12476190476190475,0.22767857142857142
11300,204.0584750366211,0.17654761904761904,0.5085714285714286,0.13345238095238096,0.21964285714285717
11400,207.98659194946288,0.1798511904761905,0.52,0.15791666666666668,0.2017857142857143
11500,206.98197021484376,0.17848214285714284,0.5057142857142857,0.1025,0.2544642857142857
11600,212.3967428588867,0.17151785714285714,0.5071428571428571,0.13053571428571428,0.2125
11700,205.3181123352051,0.17660714285714288,0.51,0.10678571428571429,0.24642857142857144
11800,207.20600952148436,0.17523809523809522,0.5114285714285715,0.12011904761904758,0.23035714285714287
11900,206.29149383544922,0.171875,0.5085714285714286,0.1357142857142857,0.20803571428571427
12000,205.81782333374022,0.17863095238095236,0.5157142857142858,0.13851190476190475,0.21875
12100,209.8372186279297,0.1839583333333333,0.51,0.13041666666666668,0.23750000000000002
12200,211.40872314453125,0.17717261904761905,0.5028571428571429,0.09363095238095238,0.26071428571428573
12300,205.66208419799804,0.17017857142857146,0.5557142857142857,0.16535714285714284,0.17500000000000002
12400,210.20439102172853,0.18312499999999998,0.5114285714285715,0.14660714285714288,0.21964285714285717
12500,215.97796768188476,0.1755357142857143,0.5185714285714286,0.14035714285714287,0.2107142857142857
12600,202.983279876709,0.17833333333333332,0.5114285714285715,0.11202380952380954,0.24464285714285713
12700,209.2921519470215,0.18139880952380955,0.51,0.12708333333333335,0.23571428571428574
12800,207.74574127197266,0.18160714285714286,0.5028571428571429,0.11767857142857142,0.24553571428571427
12900,207.595704498291,0.1744642857142857,0.5128571428571428,0.15071428571428572,0.19821428571428573
13000,206.9767938232422,0.17764880952380954,0.5128571428571428,0.12404761904761906,0.23124999999999998
13100,208.50889236450195,0.17229166666666668,0.5028571428571429,0.10440476190476189,0.24017857142857144
13200,204.6262045288086,0.18241071428571426,0.5014285714285714,0.09517857142857143,0.26964285714285713
13300,205.68703338623047,0.1809821428571429,0.5028571428571429,0.11732142857142858,0.24464285714285713
13400,208.65891403198242,0.16794642857142855,0.5171428571428571,0.1430357142857143,0.19285714285714287
13500,208.74984115600586,0.18202380952380953,0.5171428571428571,0.1399404761904762,0.22410714285714287
13600,209.88359161376954,0.17038690476190474,0.5114285714285715,0.13452380952380952,0.20625000000000002
13700,209.98076858520508,0.17860119047619044,0.5071428571428571,0.1438095238095238,0.21339285714285716
13800,204.08876113891603,0.17779761904761907,0.51,0.10202380952380953,0.25357142857142856
13900,205.36358566284179,0.16958333333333334,0.5114285714285715,0.12577380952380954,0.21339285714285713
14000,206.80790649414064,0.18309523809523812,0.5057142857142857,0.10904761904761906,0.2571428571428572
14100,203.5544631958008,0.18357142857142855,0.5257142857142857,0.1492857142857143,0.21785714285714283
14200,208.04783462524415,0.1698511904761905,0.5114285714285715,0.12720238095238096,0.2125
14300,208.60022903442382,0.17854166666666665,0.5028571428571429,0.09636904761904762,0.26071428571428573
14400,203.5363034057617,0.17622023809523807,0.5157142857142858,0.14172619047619048,0.2107142857142857
14500,207.64598907470702,0.17392857142857143,0.5042857142857143,0.11125,0.23660714285714285
14600,205.19622955322265,0.17988095238095236,0.51,0.11601190476190477,0.24374999999999997
14700,202.86842926025392,0.17967261904761903,0.5114285714285715,0.11291666666666667,0.24642857142857144
14800,204.36247360229493,0.17107142857142857,0.5071428571428571,0.12250000000000001,0.2196428571428571
14900,204.023092880249,0.18002976190476191,0.5085714285714286,0.10827380952380952,0.2517857142857143
15000,204.44610321044922,0.17151785714285714,0.5085714285714286,0.13142857142857142,0.21160714285714285
15100,202.41894424438476,0.17705357142857142,0.5057142857142857,0.09785714285714286,0.25625000000000003
15200,202.384093170166,0.17398809523809525,0.5057142857142857,0.10958333333333334,0.23839285714285716
15300,200.91433120727538,0.17836309523809527,0.5,0.09511904761904762,0.26160714285714287
15400,206.60225997924806,0.1756845238095238,0.5071428571428571,0.1049404761904762,0.24642857142857144
15500,199.93836700439454,0.17157738095238098,0.5071428571428571,0.10476190476190476,0.23839285714285716
15600,203.1188003540039,0.17708333333333331,0.5057142857142857,0.10327380952380952,0.25089285714285714
15700,209.5812548828125,0.17083333333333334,0.51,0.12113095238095238,0.2205357142857143
15800,199.7076580810547,0.17321428571428574,0.5057142857142857,0.1098214285714286,0.23660714285714285
15900,198.3886343383789,0.17297619047619048,0.5057142857142857,0.12363095238095237,0.22232142857142856
16000,200.92966781616212,0.1748809523809524,0.5014285714285714,0.10690476190476192,0.24285714285714288
16100,199.7882438659668,0.17288690476190477,0.5028571428571429,0.0993452380952381,0.2464285714285714
16200,198.88919967651367,0.17482142857142854,0.5,0.09428571428571429,0.2553571428571429
16300,204.83312026977538,0.17470238095238094,0.5057142857142857,0.11279761904761905,0.23660714285714285
16400,200.0263642883301,0.17505952380952383,0.5,0.1099404761904762,0.24017857142857144
16500,203.7389909362793,0.17991071428571428,0.5114285714285715,0.11607142857142858,0.24374999999999997
16600,207.70127182006837,0.17345238095238094,0.51,0.11654761904761902,0.23035714285714284
16700,203.0089924621582,0.17958333333333334,0.5085714285714286,0.10648809523809524,0.2526785714285714
16800,205.96024169921876,0.17232142857142854,0.5057142857142857,0.09999999999999999,0.24464285714285713
16900,201.6626399230957,0.16857142857142857,0.5071428571428571,0.11750000000000001,0.21964285714285717
17000,198.3999235534668,0.1763690476190476,0.5071428571428571,0.10452380952380953,0.24821428571428572
17100,199.9784976196289,0.16848214285714286,0.5071428571428571,0.12089285714285715,0.2160714285714286
17200,197.9943241882324,0.17654761904761904,0.5028571428571429,0.10220238095238096,0.25089285714285714
17300,203.0979739379883,0.1743154761904762,0.5028571428571429,0.10041666666666668,0.24821428571428572
17400,198.22338661193848,0.1787797619047619,0.5042857142857143,0.09416666666666669,0.26339285714285715
17500,197.58039764404296,0.17482142857142854,0.5057142857142857,0.10767857142857143,0.2419642857142857
17600,202.45702590942383,0.17145833333333332,0.5071428571428571,0.09827380952380953,0.24464285714285713
17700,200.88677490234375,0.1777083333333333,0.5085714285714286,0.10809523809523809,0.24732142857142855
17800,197.57369934082033,0.17095238095238094,0.5028571428571429,0.10976190476190475,0.23214285714285715
17900,203.51220977783203,0.1742857142857143,0.5057142857142857,0.11732142857142858,0.23124999999999998
18000,203.02184738159178,0.17482142857142854,0.5,0.09964285714285714,0.25
18100,201.39089736938476,0.17348214285714286,0.5057142857142857,0.1201785714285714,0.22678571428571428
18200,200.2025180053711,0.18113095238095236,0.5057142857142857,0.09797619047619048,0.2642857142857143
18300,201.50865646362305,0.17059523809523808,0.5028571428571429,0.1081547619047619,0.23303571428571426
18400,196.8495230102539,0.17928571428571427,0.5,0.09339285714285715,0.2651785714285714
18500,202.21870361328126,0.17148809523809525,0.5042857142857143,0.1081547619047619,0.23482142857142854
18600,200.8358438873291,0.17752976190476186,0.5042857142857143,0.10238095238095238,0.2526785714285715
18700,202.14497955322267,0.17705357142857142,0.5042857142857143,0.10410714285714286,0.25
18800,198.37759994506837,0.17145833333333332,0.5028571428571429,0.1080952380952381,0.23482142857142854
18900,200.6581416320801,0.17223214285714286,0.5028571428571429,0.10607142857142857,0.23839285714285716
19000,201.9847053527832,0.1754166666666667,0.5,0.09994047619047619,0.25089285714285714
19100,200.84294303894043,0.17791666666666667,0.5028571428571429,0.10404761904761906,0.2517857142857143
19200,201.4911851501465,0.1743154761904762,0.5071428571428571,0.10041666666666668,0.2482142857142857
19300,200.05400451660157,0.17401785714285714,0.5014285714285714,0.09446428571428574,0.25357142857142856
19400,202.81980545043945,0.1743452380952381,0.5057142857142857,0.11922619047619046,0.2294642857142857
19500,194.93286376953125,0.18113095238095242,0.5085714285714286,0.11851190476190476,0.24375
19600,202.76129959106444,0.17604166666666665,0.5071428571428571,0.09851190476190476,0.25357142857142856
19700,202.88197174072266,0.17348214285714286,0.5128571428571428,0.12732142857142859,0.21964285714285717
19800,205.04226043701172,0.17422619047619045,0.5071428571428571,0.10648809523809523,0.24196428571428572
19900,198.9358380126953,0.16904761904761909,0.5071428571428571,0.09255952380952381,0.24553571428571427
20000,200.17358963012694,0.1756845238095238,0.5071428571428571,0.11476190476190476,0.23660714285714285
20100,196.26323776245118,0.17860119047619047,0.5057142857142857,0.09738095238095237,0.2598214285714286
20200,198.7068423461914,0.17732142857142857,0.5028571428571429,0.10464285714285715,0.25
20300,197.34099517822267,0.1805952380952381,0.5014285714285714,0.10315476190476192,0.25803571428571426
20400,200.25645553588868,0.17559523809523808,0.5042857142857143,0.0994047619047619,0.25178571428571433
20500,196.39016387939452,0.17461309523809526,0.5014285714285714,0.10279761904761905,0.2464285714285714
20600,202.92937576293946,0.17732142857142857,0.5042857142857143,0.10017857142857145,0.2544642857142857
20700,196.72706039428712,0.1761904761904762,0.5028571428571429,0.09702380952380953,0.2553571428571429
20800,200.81091125488283,0.1781547619047619,0.5,0.09648809523809525,0.2598214285714286
20900,199.0555972290039,0.17818452380952382,0.5028571428571429,0.10994047619047619,0.2464285714285714
21000,201.22393081665038,0.17598214285714284,0.5042857142857143,0.10107142857142856,0.25089285714285714
21100,202.0658558654785,0.1736011904761905,0.5028571428571429,0.0963095238095238,0.25089285714285714
21200,201.4724885559082,0.1744047619047619,0.5028571428571429,0.09345238095238095,0.2553571428571429
21300,198.22690963745117,0.1769642857142857,0.5042857142857143,0.10035714285714284,0.25357142857142856
21400,201.71547103881835,0.17276785714285717,0.5042857142857143,0.1125,0.23303571428571426
21500,194.7700215148926,0.17517857142857146,0.5057142857142857,0.10392857142857144,0.24642857142857144
21600,197.23889877319337,0.17526785714285714,0.5057142857142857,0.10589285714285714,0.24464285714285713
21700,200.7275944519043,0.17732142857142857,0.5057142857142857,0.10107142857142859,0.25357142857142856
21800,198.04107955932616,0.17583333333333334,0.5042857142857143,0.09452380952380952,0.2571428571428572
21900,198.3298762512207,0.17833333333333337,0.5028571428571429,0.09416666666666666,0.2625
22000,195.9111344909668,0.17690476190476193,0.5028571428571429,0.10470238095238095,0.24910714285714283
22100,197.61034057617186,0.1788095238095238,0.5028571428571429,0.10136904761904761,0.25625
22200,201.83834869384765,0.17416666666666666,0.5,0.09476190476190478,0.25357142857142856
22300,197.50517013549805,0.18053571428571427,0.5028571428571429,0.10839285714285714,0.2526785714285714
22400,201.2955810546875,0.1701190476190476,0.51,0.11702380952380953,0.22321428571428573
22500,200.08210357666016,0.17964285714285716,0.5028571428571429,0.10303571428571427,0.25625000000000003
22600,195.16277061462404,0.1776190476190476,0.5042857142857143,0.09809523809523811,0.2571428571428572
22700,198.2592253112793,0.1788690476190476,0.5028571428571429,0.09077380952380952,0.2669642857142857
22800,199.5597994995117,0.17309523809523814,0.5042857142857143,0.09172619047619048,0.2544642857142857
22900,197.0200831604004,0.1749404761904762,0.5042857142857143,0.09898809523809525,0.25089285714285714
23000,197.90464447021483,0.17425595238095237,0.5042857142857143,0.09851190476190476,0.25
23100,200.43003601074219,0.1711011904761905,0.5028571428571429,0.09845238095238096,0.24374999999999997
23200,198.62309524536133,0.18002976190476191,0.5014285714285714,0.09398809523809525,0.26607142857142857
23300,195.27387771606445,0.17351190476190476,0.5014285714285714,0.0988095238095238,0.24821428571428572
23400,198.90578414916993,0.17895833333333333,0.5028571428571429,0.1043452380952381,0.25357142857142856
23500,198.41339965820313,0.17863095238095236,0.5028571428571429,0.0938690476190476,0.26339285714285715
23600,195.00700942993163,0.17559523809523808,0.5014285714285714,0.09404761904761905,0.2571428571428572
23700,203.88828308105468,0.17455357142857145,0.5028571428571429,0.09553571428571428,0.25357142857142856
23800,199.36191314697265,0.17714285714285713,0.5042857142857143,0.09535714285714285,0.25892857142857145
23900,195.57701721191407,0.18258928571428573,0.5014285714285714,0.09464285714285713,0.27053571428571427
24000,201.53084732055663,0.176547619047619,0.5028571428571429,0.09684523809523811,0.25625
24100,197.6336753845215,0.17678571428571427,0.5,0.08928571428571429,0.2642857142857143
24200,197.11062942504884,0.17886904761904762,0.5,0.09523809523809523,0.2625
24300,200.72222457885744,0.17586309523809524,0.5042857142857143,0.09458333333333334,0.2571428571428571
24400,198.22713394165038,0.18119047619047618,0.5042857142857143,0.09184523809523808,0.27053571428571427
24500,198.44583236694336,0.1743154761904762,0.5042857142857143,0.10488095238095238,0.24375
24600,194.9588003540039,0.1720833333333333,0.5057142857142857,0.09863095238095239,0.24553571428571427
24700,200.1644273376465,0.18232142857142855,0.5057142857142857,0.09857142857142857,0.26607142857142857
24800,197.4532341003418,0.1782440476190476,0.5042857142857143,0.09220238095238095,0.2642857142857143
24900,199.01088729858398,0.17547619047619048,0.5042857142857143,0.10184523809523809,0.24910714285714283
25000,196.72666702270507,0.17684523809523808,0.5014285714285714,0.09119047619047618,0.2625
25100,197.33404403686524,0.17625,0.5014285714285714,0.09535714285714285,0.2571428571428572
25200,200.51731536865233,0.174375,0.5042857142857143,0.09785714285714286,0.25089285714285714
25300,198.05505950927736,0.17589285714285713,0.5028571428571429,0.09285714285714286,0.25892857142857145
