100,77.7681202697754,0.2232142857142857,0.95,0.19642857142857142,0.25
200,73.23535530090332,0.27321428571428574,0.96,0.32142857142857145,0.225
300,71.036488571167,0.16964285714285715,0.91,0.21428571428571427,0.125
400,68.70327728271485,0.17857142857142855,0.94,0.18214285714285713,0.175
500,66.51516948699951,0.19821428571428573,0.9299999999999999,0.19642857142857142,0.2
600,65.33654762268067,0.14107142857142857,0.9,0.13214285714285715,0.15
700,64.83816951751709,0.14285714285714285,0.87,0.13571428571428573,0.15
800,61.95583679199219,0.18392857142857144,0.87,0.19285714285714287,0.175
900,62.84141956329346,0.18928571428571428,0.88,0.20357142857142857,0.175
1000,61.53323112487793,0.12678571428571428,0.87,0.1285714285714286,0.125
1100,62.11328777313233,0.175,0.8200000000000001,0.175,0.175
1200,60.17766410827637,0.1392857142857143,0.89,0.1285714285714286,0.15
1300,59.96865489959717,0.16428571428571428,0.8500000000000001,0.15357142857142858,0.175
1400,61.14502769470215,0.1875,0.88,0.175,0.2
1500,58.19455406188965,0.15,0.8500000000000001,0.15,0.15
1600,57.636349792480466,0.11964285714285713,0.8300000000000001,0.11428571428571428,0.125
1700,58.43469554901123,0.1125,0.8500000000000001,0.125,0.1
1800,57.21754379272461,0.1482142857142857,0.88,0.1464285714285714,0.15
1900,56.60005039215088,0.15,0.89,0.15,0.15
2000,56.40387855529785,0.19642857142857145,0.89,0.19285714285714287,0.2
2100,55.58941051483154,0.19821428571428573,0.8300000000000001,0.19642857142857142,0.2
2200,55.664210357666015,0.13035714285714287,0.8500000000000001,0.13571428571428573,0.125
2300,57.427116050720215,0.21964285714285714,0.89,0.18928571428571428,0.25
2400,56.47833457946777,0.12857142857142856,0.81,0.13214285714285715,0.125
2500,54.036117210388184,0.18214285714285713,0.81,0.18928571428571428,0.175
2600,53.559717903137205,0.1232142857142857,0.8300000000000001,0.12142857142857141,0.125
2700,52.44082309722901,0.12142857142857143,0.81,0.11785714285714285,0.125
2800,50.40357307434082,0.13035714285714287,0.76,0.13571428571428573,0.125
2900,51.07856819152832,0.12678571428571428,0.8500000000000001,0.1285714285714286,0.125
3000,50.921018524169924,0.1357142857142857,0.8400000000000001,0.1464285714285714,0.125
3100,51.084030647277835,0.12678571428571428,0.8400000000000001,0.1285714285714286,0.125
3200,51.78280437469483,0.1357142857142857,0.8200000000000001,0.1464285714285714,0.125
3300,51.386437301635745,0.12678571428571428,0.8200000000000001,0.1285714285714286,0.125
3400,51.55393543243408,0.125,0.88,0.125,0.125
3500,52.215987586975096,0.18571428571428572,0.8400000000000001,0.19642857142857142,0.175
3600,49.701597442626955,0.14464285714285713,0.8200000000000001,0.1392857142857143,0.15
3700,50.54433921813965,0.15892857142857142,0.8,0.16785714285714287,0.15
3800,50.847696456909176,0.12142857142857143,0.88,0.14285714285714285,0.1
3900,50.093639793395994,0.16428571428571428,0.8300000000000001,0.15357142857142858,0.175
4000,49.75805305480957,0.10714285714285715,0.8500000000000001,0.11428571428571428,0.1
4100,50.80731906890869,0.15892857142857142,0.8,0.16785714285714287,0.15
4200,49.51916606903076,0.15,0.89,0.125,0.175
4300,49.86115566253662,0.07857142857142857,0.81,0.08214285714285714,0.075
4400,50.03213497161865,0.15357142857142858,0.8500000000000001,0.15714285714285714,0.15
4500,48.562729339599606,0.1392857142857143,0.81,0.15357142857142858,0.125
4600,49.62443161010742,0.10357142857142856,0.79,0.10714285714285714,0.1
4700,50.82849338531494,0.0732142857142857,0.8400000000000001,0.07142857142857142,0.075
4800,50.111610946655276,0.058928571428571434,0.87,0.06785714285714287,0.05
4900,48.88033235549927,0.15535714285714286,0.77,0.16071428571428573,0.15
5000,49.206051692962646,0.09464285714285714,0.86,0.08928571428571429,0.1
5100,47.71837230682373,0.09285714285714286,0.8,0.08571428571428572,0.1
5200,48.688886184692386,0.1142857142857143,0.8200000000000001,0.10357142857142858,0.125
5300,47.938558959960936,0.05714285714285715,0.8200000000000001,0.08928571428571429,0.025
5400,47.48349271774292,0.1125,0.8300000000000001,0.1,0.125
5500,50.153590507507325,0.1482142857142857,0.86,0.1464285714285714,0.15
5600,47.304824905395506,0.10714285714285715,0.81,0.11428571428571428,0.1
5700,47.300449981689454,0.15,0.8400000000000001,0.15,0.15
5800,48.09428030014038,0.11785714285714285,0.8200000000000001,0.11071428571428572,0.125
5900,47.999957427978515,0.11964285714285713,0.8200000000000001,0.11428571428571428,0.125
6000,46.47679513931274,0.10535714285714287,0.79,0.11071428571428572,0.1
6100,48.05673015594483,0.07678571428571429,0.8300000000000001,0.05357142857142857,0.1
6200,48.3204524230957,0.06607142857142857,0.8300000000000001,0.08214285714285714,0.05
6300,47.307399406433106,0.10714285714285715,0.81,0.11428571428571428,0.1
6400,47.986788997650144,0.0875,0.8200000000000001,0.1,0.075
6500,47.77024585723877,0.11964285714285713,0.8,0.11428571428571428,0.125
6600,47.94541528701782,0.12678571428571428,0.81,0.1285714285714286,0.125
6700,46.37586074829102,0.07857142857142857,0.8400000000000001,0.08214285714285714,0.075
6800,48.741591663360595,0.11785714285714285,0.8500000000000001,0.11071428571428572,0.125
6900,46.23900508880615,0.09464285714285714,0.8400000000000001,0.08928571428571429,0.1
7000,46.75366073608399,0.08035714285714285,0.8300000000000001,0.08571428571428572,0.075
7100,45.73771986007691,0.10714285714285715,0.8200000000000001,0.11428571428571428,0.1
7200,47.30716247558594,0.09821428571428573,0.79,0.09642857142857143,0.1
7300,45.54655334472656,0.1142857142857143,0.79,0.10357142857142858,0.125
7400,46.93243663787842,0.10357142857142856,0.81,0.10714285714285714,0.1
7500,46.04076957702637,0.11071428571428571,0.81,0.12142857142857141,0.1
7600,45.93351493835449,0.10178571428571428,0.8300000000000001,0.10357142857142858,0.1
7700,44.35363668441772,0.125,0.81,0.125,0.125
7800,46.6283310508728,0.11607142857142858,0.8200000000000001,0.10714285714285714,0.125
7900,45.18627012252808,0.09285714285714286,0.8200000000000001,0.08571428571428572,0.1
8000,45.70861375808716,0.0625,0.8,0.075,0.05
8100,45.672445640563964,0.11071428571428571,0.8200000000000001,0.09642857142857143,0.125
8200,45.09245908737183,0.09821428571428573,0.79,0.09642857142857143,0.1
8300,45.745326404571536,0.10535714285714287,0.8,0.11071428571428572,0.1
8400,44.070020542144775,0.09107142857142857,0.8200000000000001,0.10714285714285714,0.075
8500,44.536577758789065,0.09821428571428573,0.79,0.09642857142857143,0.1
8600,47.61245239257813,0.09285714285714286,0.81,0.08571428571428572,0.1
8700,45.9398868560791,0.09642857142857143,0.8,0.09285714285714286,0.1
8800,45.09530590057373,0.075,0.8300000000000001,0.075,0.075
8900,45.3235626411438,0.04821428571428571,0.81,0.07142857142857142,0.025
9000,45.91362680435181,0.09107142857142858,0.81,0.08214285714285714,0.1
9100,44.970944023132326,0.07142857142857142,0.8200000000000001,0.06785714285714287,0.075
9200,44.537897701263425,0.08035714285714285,0.79,0.08571428571428572,0.075
9300,45.48595977783203,0.08571428571428572,0.78,0.07142857142857142,0.1
9400,46.77006059646607,0.07857142857142857,0.79,0.08214285714285714,0.075
9500,45.70537145614624,0.11071428571428571,0.8200000000000001,0.09642857142857143,0.125
9600,46.91934913635254,0.06607142857142857,0.8200000000000001,0.05714285714285714,0.075
9700,44.82398145675659,0.0875,0.8200000000000001,0.1,0.075
9800,44.84509199142456,0.09285714285714286,0.81,0.08571428571428572,0.1
9900,46.26868257522583,0.05714285714285715,0.78,0.0642857142857143,0.05
10000,45.58790678024292,0.11607142857142858,0.8200000000000001,0.10714285714285714,0.125
10100,44.98475534439087,0.11607142857142858,0.81,0.10714285714285714,0.125
10200,44.54786869049072,0.08571428571428572,0.8,0.09642857142857143,0.075
10300,45.78166511535645,0.075,0.8,0.075,0.075
10400,46.43426498413086,0.09642857142857143,0.81,0.09285714285714286,0.1
10500,45.07072010040283,0.08214285714285714,0.8,0.08928571428571429,0.075
10600,45.22491905212402,0.09821428571428573,0.78,0.09642857142857143,0.1
10700,44.56842794418335,0.08928571428571429,0.78,0.07857142857142857,0.1
10800,45.872446613311766,0.0875,0.81,0.075,0.1
10900,44.47303874969482,0.08214285714285714,0.79,0.08928571428571429,0.075
11000,46.013322811126706,0.075,0.8,0.075,0.075
11100,44.8206258392334,0.1,0.8200000000000001,0.1,0.1
11200,44.57416786193848,0.09821428571428573,0.79,0.09642857142857143,0.1
11300,43.72028583526611,0.08392857142857144,0.79,0.09285714285714286,0.075
11400,43.914115543365476,0.07678571428571429,0.79,0.07857142857142857,0.075
11500,44.58623346328736,0.075,0.79,0.075,0.075
11600,45.40467826843262,0.09642857142857143,0.78,0.09285714285714286,0.1
11700,44.494082870483396,0.08392857142857144,0.79,0.09285714285714286,0.075
11800,44.95797721862793,0.1,0.78,0.1,0.1
11900,45.001904811859134,0.08392857142857144,0.79,0.09285714285714286,0.075
12000,43.7900786781311,0.09642857142857143,0.78,0.09285714285714286,0.1
12100,45.648708763122556,0.09464285714285714,0.81,0.08928571428571429,0.1
12200,45.493708000183105,0.10178571428571428,0.78,0.10357142857142858,0.1
12300,46.16058095932007,0.1,0.8,0.1,0.1
12400,43.62189697265625,0.09464285714285714,0.8,0.08928571428571429,0.1
12500,44.222722415924075,0.06964285714285715,0.8,0.0642857142857143,0.075
12600,45.07346124649048,0.06428571428571428,0.78,0.07857142857142857,0.05
12700,43.24223279953003,0.07142857142857142,0.79,0.06785714285714287,0.075
12800,44.14290983200073,0.075,0.79,0.075,0.075
12900,43.75811769485474,0.10357142857142856,0.79,0.08214285714285714,0.125
13000,42.860378665924074,0.08035714285714285,0.77,0.08571428571428572,0.075
13100,44.12597309112549,0.09821428571428573,0.78,0.09642857142857143,0.1
13200,44.274421272277834,0.0625,0.78,0.075,0.05
13300,44.07102914810181,0.09821428571428573,0.79,0.09642857142857143,0.1
13400,44.62439935684204,0.075,0.79,0.075,0.075
13500,43.751219520568846,0.09285714285714286,0.79,0.08571428571428572,0.1
13600,44.54044261932373,0.08571428571428572,0.77,0.09642857142857143,0.075
13700,44.84212396621704,0.08571428571428572,0.76,0.09642857142857143,0.075
13800,44.859125537872316,0.08928571428571429,0.78,0.10357142857142858,0.075
13900,44.701186714172366,0.08035714285714285,0.78,0.08571428571428572,0.075
14000,45.5440041923523,0.08928571428571429,0.8,0.07857142857142857,0.1
14100,43.73386102676392,0.08392857142857144,0.77,0.09285714285714286,0.075
14200,44.07170059204102,0.08928571428571429,0.78,0.07857142857142857,0.1
14300,44.420524730682374,0.0732142857142857,0.78,0.07142857142857142,0.075
14400,43.97111995697021,0.10178571428571428,0.78,0.10357142857142858,0.1
14500,45.74101207733154,0.09821428571428573,0.78,0.09642857142857143,0.1
14600,43.36023101806641,0.06964285714285715,0.79,0.08928571428571429,0.05
14700,45.85323621749878,0.0875,0.78,0.1,0.075
14800,44.32227933883667,0.1,0.78,0.1,0.1
14900,43.711717472076415,0.1,0.79,0.1,0.1
15000,45.423620986938474,0.08214285714285714,0.8,0.08928571428571429,0.075
15100,43.641446056365965,0.075,0.79,0.075,0.075
15200,44.14945306777954,0.09464285714285714,0.79,0.08928571428571429,0.1
15300,43.21082061767578,0.08392857142857144,0.78,0.09285714285714286,0.075
15400,46.7502038192749,0.09464285714285714,0.79,0.08928571428571429,0.1
15500,44.06200960159302,0.06964285714285715,0.78,0.08928571428571429,0.05
15600,44.397078380584716,0.08035714285714285,0.78,0.08571428571428572,0.075
15700,44.40579959869385,0.08214285714285714,0.79,0.08928571428571429,0.075
15800,44.10399713516235,0.08214285714285714,0.78,0.08928571428571429,0.075
15900,45.027785816192626,0.08035714285714285,0.78,0.08571428571428572,0.075
16000,42.75880563735962,0.08035714285714285,0.78,0.08571428571428572,0.075
16100,44.50443201065063,0.08035714285714285,0.79,0.08571428571428572,0.075
16200,44.76047010421753,0.09107142857142858,0.78,0.08214285714285714,0.1
16300,43.26509183883667,0.07678571428571429,0.78,0.07857142857142857,0.075
16400,43.98279304504395,0.08035714285714285,0.78,0.08571428571428572,0.075
16500,44.146055946350096,0.08214285714285714,0.79,0.08928571428571429,0.075
16600,42.449744148254396,0.08035714285714285,0.79,0.08571428571428572,0.075
16700,43.97495016098023,0.08214285714285714,0.79,0.08928571428571429,0.075
16800,43.68003047943115,0.09285714285714286,0.79,0.08571428571428572,0.1
16900,43.92794633865356,0.09464285714285714,0.79,0.08928571428571429,0.1
17000,43.58502590179443,0.08035714285714285,0.78,0.08571428571428572,0.075
17100,44.92887681961059,0.08392857142857144,0.79,0.09285714285714286,0.075
17200,44.324076614379884,0.07678571428571429,0.79,0.07857142857142857,0.075
17300,42.403081550598145,0.08035714285714285,0.79,0.08571428571428572,0.075
17400,45.70081583023071,0.08214285714285714,0.78,0.08928571428571429,0.075
17500,44.15317808151245,0.09107142857142858,0.78,0.08214285714285714,0.1
17600,44.15786046981812,0.08214285714285714,0.79,0.08928571428571429,0.075
17700,44.158587818145755,0.08035714285714285,0.78,0.08571428571428572,0.075
17800,44.00393835067749,0.07857142857142857,0.78,0.08214285714285714,0.075
17900,43.57739973068237,0.08035714285714285,0.78,0.08571428571428572,0.075
18000,43.38196741104126,0.08928571428571429,0.78,0.07857142857142857,0.1
18100,44.93215978622437,0.07678571428571429,0.79,0.07857142857142857,0.075
18200,43.20080358505249,0.08035714285714285,0.78,0.08571428571428572,0.075
18300,42.83359325408936,0.0875,0.77,0.1,0.075
18400,43.89716442108154,0.075,0.79,0.075,0.075
18500,43.61352125167846,0.08214285714285714,0.78,0.08928571428571429,0.075
18600,45.63949670791626,0.08392857142857144,0.78,0.09285714285714286,0.075
18700,45.908992767333984,0.0875,0.79,0.075,0.1
18800,43.229494400024414,0.07678571428571429,0.79,0.07857142857142857,0.075
18900,42.73092004776001,0.08928571428571429,0.78,0.07857142857142857,0.1
19000,44.57786243438721,0.08392857142857144,0.78,0.09285714285714286,0.075
19100,45.9079327583313,0.09464285714285714,0.79,0.08928571428571429,0.1
19200,43.71031829833984,0.09285714285714286,0.77,0.08571428571428572,0.1
19300,44.586274757385254,0.09285714285714286,0.78,0.08571428571428572,0.1
19400,44.74225738525391,0.08035714285714285,0.78,0.08571428571428572,0.075
19500,44.466832904815675,0.07857142857142857,0.78,0.08214285714285714,0.075
19600,45.3222896194458,0.08035714285714285,0.78,0.08571428571428572,0.075
19700,43.8191544342041,0.08214285714285714,0.78,0.08928571428571429,0.075
19800,44.00772291183472,0.07857142857142857,0.79,0.08214285714285714,0.075
19900,45.46014265060425,0.07857142857142857,0.79,0.08214285714285714,0.075
20000,44.00086700439453,0.07857142857142857,0.79,0.08214285714285714,0.075
20100,44.134475994110105,0.07678571428571429,0.79,0.07857142857142857,0.075
20200,43.61176816940308,0.07857142857142857,0.79,0.08214285714285714,0.075
20300,43.586129322052,0.07678571428571429,0.79,0.07857142857142857,0.075
20400,42.94969997406006,0.07678571428571429,0.79,0.07857142857142857,0.075
20500,43.53746208190918,0.07678571428571429,0.78,0.07857142857142857,0.075
20600,43.13477802276611,0.08928571428571429,0.79,0.07857142857142857,0.1
20700,44.811418018341065,0.0875,0.79,0.075,0.1
20800,43.82589611053467,0.0875,0.79,0.075,0.1
20900,44.089991359710694,0.08928571428571429,0.79,0.07857142857142857,0.1
21000,45.02819019317627,0.07857142857142857,0.79,0.08214285714285714,0.075
21100,43.849505443573,0.06607142857142857,0.78,0.08214285714285714,0.05
21200,43.75073476791382,0.08571428571428572,0.79,0.07142857142857142,0.1
21300,43.609504318237306,0.06428571428571428,0.78,0.07857142857142857,0.05
21400,42.70976631164551,0.075,0.78,0.075,0.075
21500,44.3684893989563,0.08571428571428572,0.79,0.07142857142857142,0.1
21600,43.043417892456056,0.06428571428571428,0.78,0.07857142857142857,0.05
21700,44.70027881622315,0.06607142857142857,0.78,0.08214285714285714,0.05
21800,44.38374582290649,0.08571428571428572,0.79,0.07142857142857142,0.1
21900,42.407212238311764,0.08928571428571429,0.79,0.07857142857142857,0.1
22000,43.51053455352783,0.07678571428571429,0.78,0.07857142857142857,0.075
22100,44.568717575073244,0.06428571428571428,0.78,0.07857142857142857,0.05
22200,43.13982652664185,0.08571428571428572,0.79,0.07142857142857142,0.1
22300,44.35243953704834,0.08571428571428572,0.79,0.07142857142857142,0.1
22400,43.99498069763184,0.08571428571428572,0.79,0.07142857142857142,0.1
22500,45.20798240661621,0.09821428571428571,0.79,0.07142857142857142,0.125
22600,42.76553256988525,0.06785714285714287,0.78,0.08571428571428572,0.05
22700,43.205800762176516,0.07678571428571429,0.78,0.07857142857142857,0.075
22800,43.46600866317749,0.07678571428571429,0.78,0.07857142857142857,0.075
22900,44.396568622589115,0.06428571428571428,0.78,0.07857142857142857,0.05
23000,44.69146440505981,0.06428571428571428,0.78,0.07857142857142857,0.05
23100,44.30982152938843,0.07678571428571429,0.78,0.07857142857142857,0.075
23200,45.38123373031616,0.07678571428571429,0.78,0.07857142857142857,0.075
23300,44.56951143264771,0.075,0.78,0.075,0.075
23400,44.387491855621334,0.075,0.79,0.075,0.075
23500,45.808494300842284,0.075,0.79,0.075,0.075
23600,44.58352209091186,0.075,0.79,0.075,0.075
23700,41.963934135437015,0.075,0.78,0.075,0.075
23800,44.86384521484375,0.075,0.78,0.075,0.075
23900,44.08053974151611,0.07678571428571429,0.78,0.07857142857142857,0.075
24000,44.02357807159424,0.07857142857142857,0.78,0.08214285714285714,0.075
24100,42.97708749771118,0.07678571428571429,0.78,0.07857142857142857,0.075
24200,44.09780414581299,0.07678571428571429,0.78,0.07857142857142857,0.075
24300,42.334315853118895,0.07857142857142857,0.78,0.08214285714285714,0.075
24400,43.428760375976566,0.07857142857142857,0.78,0.08214285714285714,0.075
24500,44.210703735351565,0.07857142857142857,0.78,0.08214285714285714,0.075
24600,42.93446319580078,0.07857142857142857,0.78,0.08214285714285714,0.075
24700,43.00492509841919,0.07857142857142857,0.78,0.08214285714285714,0.075
24800,43.56468597412109,0.08035714285714285,0.78,0.08571428571428572,0.075
24900,43.93775188446045,0.08035714285714285,0.78,0.08571428571428572,0.075
25000,43.39066013336182,0.07857142857142857,0.78,0.08214285714285714,0.075
25100,43.357116031646726,0.07678571428571429,0.78,0.07857142857142857,0.075
25200,42.72854228973389,0.07678571428571429,0.78,0.07857142857142857,0.075
25300,43.81345638275147,0.07678571428571429,0.78,0.07857142857142857,0.075
25400,43.20546350479126,0.075,0.78,0.075,0.075
25500,42.555431861877445,0.07857142857142857,0.78,0.08214285714285714,0.075
25600,45.14015115737915,0.07678571428571429,0.78,0.07857142857142857,0.075
25700,44.62217636108399,0.07678571428571429,0.78,0.07857142857142857,0.075
25800,44.120391006469724,0.07857142857142857,0.78,0.08214285714285714,0.075
25900,43.99672286987305,0.07678571428571429,0.78,0.07857142857142857,0.075
26000,44.40761505126953,0.075,0.78,0.075,0.075
26100,43.58714202880859,0.075,0.78,0.075,0.075
26200,44.012268695831295,0.08035714285714285,0.78,0.08571428571428572,0.075
26300,43.91710664749146,0.08035714285714285,0.78,0.08571428571428572,0.075
26400,43.27862741470337,0.075,0.78,0.075,0.075
26500,42.955554809570316,0.075,0.78,0.075,0.075
26600,44.60993316650391,0.075,0.78,0.075,0.075
26700,45.84013872146606,0.07678571428571429,0.78,0.07857142857142857,0.075
26800,42.88145267486572,0.07678571428571429,0.78,0.07857142857142857,0.075
26900,44.864642429351804,0.07857142857142857,0.78,0.08214285714285714,0.075
27000,44.22072860717773,0.07857142857142857,0.78,0.08214285714285714,0.075
27100,44.89982713699341,0.07857142857142857,0.78,0.08214285714285714,0.075
27200,44.264639930725096,0.08035714285714285,0.78,0.08571428571428572,0.075
27300,44.94329315185547,0.08035714285714285,0.78,0.08571428571428572,0.075
27400,44.52070081710816,0.07857142857142857,0.78,0.08214285714285714,0.075
27500,44.203553409576415,0.07857142857142857,0.78,0.08214285714285714,0.075
27600,44.5084024810791,0.08035714285714285,0.78,0.08571428571428572,0.075
27700,43.65824850082397,0.07857142857142857,0.78,0.08214285714285714,0.075
27800,44.918709182739256,0.08035714285714285,0.78,0.08571428571428572,0.075
27900,44.02100088119507,0.08035714285714285,0.78,0.08571428571428572,0.075
28000,41.938903675079345,0.07857142857142857,0.78,0.08214285714285714,0.075
28100,43.19078834533691,0.07857142857142857,0.78,0.08214285714285714,0.075
28200,44.65634645462036,0.08035714285714285,0.78,0.08571428571428572,0.075
28300,44.592862930297855,0.08035714285714285,0.78,0.08571428571428572,0.075
28400,43.32188024520874,0.08035714285714285,0.78,0.08571428571428572,0.075
28500,41.77433349609375,0.08035714285714285,0.78,0.08571428571428572,0.075
28600,44.086400966644284,0.08035714285714285,0.78,0.08571428571428572,0.075
28700,44.80872449874878,0.08035714285714285,0.78,0.08571428571428572,0.075
28800,44.406361198425294,0.08035714285714285,0.78,0.08571428571428572,0.075
28900,43.49541034698486,0.08035714285714285,0.78,0.08571428571428572,0.075
29000,44.62893854141235,0.07857142857142857,0.78,0.08214285714285714,0.075
29100,44.104658889770505,0.07857142857142857,0.78,0.08214285714285714,0.075
29200,43.91410339355469,0.07857142857142857,0.78,0.08214285714285714,0.075
29300,42.94620546340943,0.07857142857142857,0.78,0.08214285714285714,0.075
29400,44.97941833496094,0.08035714285714285,0.78,0.08571428571428572,0.075
29500,44.12862804412842,0.08035714285714285,0.78,0.08571428571428572,0.075
29600,42.46470920562744,0.08035714285714285,0.78,0.08571428571428572,0.075
29700,43.72448696136475,0.08035714285714285,0.78,0.08571428571428572,0.075
29800,43.47374662399292,0.08035714285714285,0.78,0.08571428571428572,0.075
29900,44.59041273117065,0.08035714285714285,0.78,0.08571428571428572,0.075
30000,44.98263113021851,0.08035714285714285,0.78,0.08571428571428572,0.075
30100,43.29383434295654,0.07857142857142857,0.78,0.08214285714285714,0.075
30200,44.50358518600464,0.08035714285714285,0.78,0.08571428571428572,0.075
30300,43.596889610290525,0.08035714285714285,0.78,0.08571428571428572,0.075
30400,44.07844791412354,0.08035714285714285,0.78,0.08571428571428572,0.075
30500,43.38099617004394,0.08035714285714285,0.78,0.08571428571428572,0.075
30600,43.13874052047729,0.07678571428571429,0.78,0.07857142857142857,0.075
30700,43.899397468566896,0.07678571428571429,0.78,0.07857142857142857,0.075
30800,43.08463306427002,0.07678571428571429,0.78,0.07857142857142857,0.075
30900,46.29399797439575,0.07678571428571429,0.78,0.07857142857142857,0.075
31000,43.737252712249756,0.07678571428571429,0.78,0.07857142857142857,0.075
31100,44.7259123802185,0.07678571428571429,0.78,0.07857142857142857,0.075
31200,42.80423511505127,0.07678571428571429,0.78,0.07857142857142857,0.075
31300,44.271430015563965,0.07678571428571429,0.78,0.07857142857142857,0.075
31400,44.16072105407715,0.07678571428571429,0.78,0.07857142857142857,0.075
31500,44.2452324295044,0.07678571428571429,0.78,0.07857142857142857,0.075
31600,44.45957302093506,0.07678571428571429,0.78,0.07857142857142857,0.075
31700,44.43523008346558,0.075,0.78,0.075,0.075
31800,43.848513984680174,0.075,0.78,0.075,0.075
31900,43.68527202606201,0.07678571428571429,0.78,0.07857142857142857,0.075
32000,44.34229225158691,0.075,0.78,0.075,0.075
32100,43.98505350112915,0.075,0.78,0.075,0.075
32200,43.77271068572998,0.075,0.78,0.075,0.075
32300,43.926637153625485,0.075,0.78,0.075,0.075
32400,43.202444896698,0.075,0.78,0.075,0.075
32500,45.04861038208008,0.07678571428571429,0.78,0.07857142857142857,0.075
32600,43.141870460510255,0.07857142857142857,0.78,0.08214285714285714,0.075
32700,45.474657764434816,0.07857142857142857,0.78,0.08214285714285714,0.075
32800,43.17843210220337,0.07857142857142857,0.78,0.08214285714285714,0.075
32900,45.20844655990601,0.07857142857142857,0.78,0.08214285714285714,0.075
33000,45.57508769989013,0.07857142857142857,0.78,0.08214285714285714,0.075
33100,44.14867868423462,0.07857142857142857,0.78,0.08214285714285714,0.075
33200,43.97513469696045,0.07857142857142857,0.78,0.08214285714285714,0.075
33300,43.58665237426758,0.07857142857142857,0.78,0.08214285714285714,0.075
33400,43.13562635421753,0.07857142857142857,0.78,0.08214285714285714,0.075
33500,44.524397735595706,0.07857142857142857,0.78,0.08214285714285714,0.075
33600,44.806665134429934,0.07857142857142857,0.78,0.08214285714285714,0.075
33700,42.75691108703613,0.07857142857142857,0.78,0.08214285714285714,0.075
33800,43.855342597961425,0.07857142857142857,0.78,0.08214285714285714,0.075
33900,43.17914819717407,0.07857142857142857,0.78,0.08214285714285714,0.075
34000,43.13054082870483,0.07678571428571429,0.78,0.07857142857142857,0.075
34100,43.39902215957642,0.07678571428571429,0.78,0.07857142857142857,0.075
34200,44.74622453689575,0.07678571428571429,0.78,0.07857142857142857,0.075
34300,43.60636539459229,0.07678571428571429,0.78,0.07857142857142857,0.075
34400,43.62672294616699,0.07678571428571429,0.78,0.07857142857142857,0.075
34500,45.01215229034424,0.07857142857142857,0.78,0.08214285714285714,0.075
34600,44.98690921783447,0.07857142857142857,0.78,0.08214285714285714,0.075
34700,45.559555263519286,0.07678571428571429,0.78,0.07857142857142857,0.075
34800,42.54369035720825,0.07857142857142857,0.78,0.08214285714285714,0.075
34900,43.46711263656616,0.07857142857142857,0.78,0.08214285714285714,0.075
35000,43.13128656387329,0.07857142857142857,0.78,0.08214285714285714,0.075
35100,43.52925447463989,0.07857142857142857,0.78,0.08214285714285714,0.075
35200,43.05704969406128,0.07857142857142857,0.78,0.08214285714285714,0.075
35300,42.669773235321045,0.07857142857142857,0.78,0.08214285714285714,0.075
35400,42.462923526763916,0.07857142857142857,0.78,0.08214285714285714,0.075
35500,44.566529769897464,0.07857142857142857,0.78,0.08214285714285714,0.075
35600,42.71835021972656,0.07857142857142857,0.78,0.08214285714285714,0.075
35700,44.147010822296146,0.07857142857142857,0.78,0.08214285714285714,0.075
35800,43.74890930175781,0.07857142857142857,0.78,0.08214285714285714,0.075
35900,44.54884155273437,0.07857142857142857,0.78,0.08214285714285714,0.075
36000,43.63458589553833,0.07857142857142857,0.78,0.08214285714285714,0.075
36100,44.40019031524658,0.07857142857142857,0.78,0.08214285714285714,0.075
36200,44.483742752075194,0.07857142857142857,0.78,0.08214285714285714,0.075
36300,43.867550201416016,0.07857142857142857,0.78,0.08214285714285714,0.075
36400,44.287006855010986,0.07857142857142857,0.78,0.08214285714285714,0.075
36500,44.16416555404663,0.07857142857142857,0.78,0.08214285714285714,0.075
36600,43.72281425476074,0.07857142857142857,0.78,0.08214285714285714,0.075
36700,43.30213214874268,0.07857142857142857,0.78,0.08214285714285714,0.075
36800,43.15531555175781,0.07857142857142857,0.78,0.08214285714285714,0.075
36900,42.98270586013794,0.07857142857142857,0.78,0.08214285714285714,0.075
37000,43.65894020080567,0.07678571428571429,0.78,0.07857142857142857,0.075
37100,43.76421434402466,0.07678571428571429,0.78,0.07857142857142857,0.075
37200,42.15673002243042,0.075,0.78,0.075,0.075
37300,41.68767524719238,0.075,0.78,0.075,0.075
37400,43.798458881378174,0.075,0.78,0.075,0.075
37500,42.697195510864255,0.075,0.78,0.075,0.075
37600,43.86920745849609,0.075,0.78,0.075,0.075
37700,42.732497997283936,0.075,0.78,0.075,0.075
37800,44.56676456451416,0.075,0.78,0.075,0.075
37900,45.047396068573,0.075,0.78,0.075,0.075
38000,42.67806879043579,0.075,0.78,0.075,0.075
38100,44.961916828155516,0.075,0.78,0.075,0.075
38200,42.004135341644286,0.075,0.78,0.075,0.075
38300,44.4654997253418,0.075,0.78,0.075,0.075
38400,43.80830871582031,0.075,0.78,0.075,0.075
38500,43.806842193603515,0.075,0.78,0.075,0.075
38600,43.75860548019409,0.075,0.78,0.075,0.075
38700,44.567893180847165,0.07678571428571429,0.78,0.07857142857142857,0.075
38800,45.14606805801392,0.07678571428571429,0.78,0.07857142857142857,0.075
38900,44.22529600143432,0.07857142857142857,0.78,0.08214285714285714,0.075
39000,45.70251558303833,0.07857142857142857,0.78,0.08214285714285714,0.075
39100,42.49048818588257,0.07857142857142857,0.78,0.08214285714285714,0.075
39200,43.62553012847901,0.07857142857142857,0.78,0.08214285714285714,0.075
39300,43.96747919082642,0.07857142857142857,0.78,0.08214285714285714,0.075
39400,41.58331256866455,0.07857142857142857,0.78,0.08214285714285714,0.075
39500,44.807527961730955,0.07857142857142857,0.78,0.08214285714285714,0.075
39600,44.4041972732544,0.07857142857142857,0.78,0.08214285714285714,0.075
39700,44.14624185562134,0.07857142857142857,0.78,0.08214285714285714,0.075
39800,43.768178176879886,0.07857142857142857,0.78,0.08214285714285714,0.075
39900,44.50009254455566,0.07857142857142857,0.78,0.08214285714285714,0.075
40000,44.06435575485229,0.07857142857142857,0.78,0.08214285714285714,0.075
40100,43.81216318130493,0.07857142857142857,0.78,0.08214285714285714,0.075
40200,44.291776962280274,0.07857142857142857,0.78,0.08214285714285714,0.075
40300,42.32415399551392,0.07857142857142857,0.78,0.08214285714285714,0.075
40400,44.18755104064942,0.07857142857142857,0.78,0.08214285714285714,0.075
40500,44.341076641082765,0.07857142857142857,0.78,0.08214285714285714,0.075
40600,44.56747688293457,0.07857142857142857,0.78,0.08214285714285714,0.075
40700,45.214946308135985,0.07857142857142857,0.78,0.08214285714285714,0.075
40800,44.76115350723266,0.07857142857142857,0.78,0.08214285714285714,0.075
40900,43.522214069366456,0.07857142857142857,0.78,0.08214285714285714,0.075
41000,43.934250087738036,0.07857142857142857,0.78,0.08214285714285714,0.075
41100,43.82341802597046,0.07857142857142857,0.78,0.08214285714285714,0.075
41200,44.568352432250975,0.07857142857142857,0.78,0.08214285714285714,0.075
41300,44.53806465148926,0.07857142857142857,0.78,0.08214285714285714,0.075
41400,44.45720460891724,0.07857142857142857,0.78,0.08214285714285714,0.075
41500,44.97478929519653,0.07857142857142857,0.78,0.08214285714285714,0.075
41600,44.097286987304685,0.07857142857142857,0.78,0.08214285714285714,0.075
41700,43.83638597488403,0.07857142857142857,0.78,0.08214285714285714,0.075
41800,43.10581579208374,0.07857142857142857,0.78,0.08214285714285714,0.075
41900,43.460363159179686,0.07857142857142857,0.78,0.08214285714285714,0.075
42000,43.81387004852295,0.07857142857142857,0.78,0.08214285714285714,0.075
42100,45.25568235397339,0.07857142857142857,0.78,0.08214285714285714,0.075
42200,44.23810863494873,0.07857142857142857,0.78,0.08214285714285714,0.075
42300,44.55691024780273,0.07857142857142857,0.78,0.08214285714285714,0.075
42400,43.12866813659668,0.07857142857142857,0.78,0.08214285714285714,0.075
42500,43.407543334960934,0.07857142857142857,0.78,0.08214285714285714,0.075
42600,42.66095279693604,0.07857142857142857,0.78,0.08214285714285714,0.075
42700,44.33961294174194,0.07857142857142857,0.78,0.08214285714285714,0.075
42800,44.249315376281736,0.07857142857142857,0.78,0.08214285714285714,0.075
42900,43.84132831573486,0.07857142857142857,0.78,0.08214285714285714,0.075
43000,43.94562808990479,0.07857142857142857,0.78,0.08214285714285714,0.075
43100,42.41173974990845,0.07857142857142857,0.78,0.08214285714285714,0.075
43200,44.29657480239868,0.07857142857142857,0.78,0.08214285714285714,0.075
43300,44.81596769332886,0.07857142857142857,0.78,0.08214285714285714,0.075
43400,45.58883150100708,0.07857142857142857,0.78,0.08214285714285714,0.075
43500,45.53305437088013,0.07857142857142857,0.78,0.08214285714285714,0.075
43600,43.087785415649414,0.07857142857142857,0.78,0.08214285714285714,0.075
43700,45.0541330909729,0.07857142857142857,0.78,0.08214285714285714,0.075
43800,44.51763843536377,0.07857142857142857,0.78,0.08214285714285714,0.075
43900,44.01374519348145,0.07857142857142857,0.78,0.08214285714285714,0.075
44000,43.33482440948487,0.07857142857142857,0.78,0.08214285714285714,0.075
44100,42.72837242126465,0.07857142857142857,0.78,0.08214285714285714,0.075
44200,43.16440908432007,0.07857142857142857,0.78,0.08214285714285714,0.075
44300,44.03445920944214,0.07857142857142857,0.78,0.08214285714285714,0.075
44400,44.18397201538086,0.07857142857142857,0.78,0.08214285714285714,0.075
44500,43.387927284240725,0.07857142857142857,0.78,0.08214285714285714,0.075
44600,44.781882247924806,0.07857142857142857,0.78,0.08214285714285714,0.075
44700,43.09163244247436,0.07857142857142857,0.78,0.08214285714285714,0.075
44800,43.52243085861206,0.07857142857142857,0.78,0.08214285714285714,0.075
44900,43.82390125274658,0.07857142857142857,0.78,0.08214285714285714,0.075
45000,44.74438116073608,0.07857142857142857,0.78,0.08214285714285714,0.075
45100,45.03208143234253,0.07857142857142857,0.78,0.08214285714285714,0.075
45200,43.10010505676269,0.07857142857142857,0.78,0.08214285714285714,0.075
45300,42.42495460510254,0.07857142857142857,0.78,0.08214285714285714,0.075
45400,42.5100933265686,0.07857142857142857,0.78,0.08214285714285714,0.075
45500,43.13240291595459,0.07857142857142857,0.78,0.08214285714285714,0.075
45600,44.229563598632815,0.07857142857142857,0.78,0.08214285714285714,0.075
45700,42.33733503341675,0.07857142857142857,0.78,0.08214285714285714,0.075
45800,43.30723571777344,0.07857142857142857,0.78,0.08214285714285714,0.075
45900,42.67695423126221,0.07857142857142857,0.78,0.08214285714285714,0.075
46000,43.79639196395874,0.07857142857142857,0.78,0.08214285714285714,0.075
46100,44.92430700302124,0.07857142857142857,0.78,0.08214285714285714,0.075
46200,43.96349018096924,0.07857142857142857,0.78,0.08214285714285714,0.075
46300,44.20479782104492,0.07857142857142857,0.78,0.08214285714285714,0.075
46400,43.84956214904785,0.07857142857142857,0.78,0.08214285714285714,0.075
46500,43.261359272003176,0.07857142857142857,0.78,0.08214285714285714,0.075
46600,44.52777256011963,0.07857142857142857,0.78,0.08214285714285714,0.075
46700,44.17677795410156,0.07857142857142857,0.78,0.08214285714285714,0.075
46800,43.98075374603272,0.07857142857142857,0.78,0.08214285714285714,0.075
46900,44.24699913024902,0.07857142857142857,0.78,0.08214285714285714,0.075
47000,43.114476146697996,0.07857142857142857,0.78,0.08214285714285714,0.075
47100,44.81981380462646,0.07857142857142857,0.78,0.08214285714285714,0.075
47200,43.23827836990356,0.07857142857142857,0.78,0.08214285714285714,0.075
47300,43.04011232376099,0.07857142857142857,0.78,0.08214285714285714,0.075
47400,43.05895637512207,0.07857142857142857,0.78,0.08214285714285714,0.075
47500,43.892991771698,0.07857142857142857,0.78,0.08214285714285714,0.075
47600,45.78291286468506,0.07857142857142857,0.78,0.08214285714285714,0.075
47700,44.77195924758911,0.07857142857142857,0.78,0.08214285714285714,0.075
47800,43.73416673660278,0.07857142857142857,0.78,0.08214285714285714,0.075
47900,42.686264228820804,0.07857142857142857,0.78,0.08214285714285714,0.075
48000,42.76632234573364,0.07857142857142857,0.78,0.08214285714285714,0.075
48100,43.4650825881958,0.07857142857142857,0.78,0.08214285714285714,0.075
48200,43.557707958221435,0.07857142857142857,0.78,0.08214285714285714,0.075
48300,44.6201070022583,0.07857142857142857,0.78,0.08214285714285714,0.075
48400,44.50654119491577,0.07857142857142857,0.78,0.08214285714285714,0.075
48500,44.029749393463135,0.07857142857142857,0.78,0.08214285714285714,0.075
