100,25.867048358917238,0.34323204419889514,0.9806077348066283,0.3524861878453039,0.3339779005524861
200,24.55297639846802,0.29562615101289136,0.8935911602209944,0.2976058931860037,0.2936464088397792
300,23.066189498901366,0.28991712707182304,0.8965745856353579,0.292817679558011,0.28701657458563523
400,23.375131845474243,0.27421731123388565,0.9018784530386736,0.2752302025782688,0.2732044198895026
500,21.863696689605714,0.2687845303867404,0.8918232044198889,0.271270718232044,0.2662983425414364
600,21.69479061126709,0.2571823204419889,0.8928176795580112,0.25939226519337,0.2549723756906078
700,21.839369821548463,0.2477440147329651,0.8556906077348068,0.2496316758747698,0.2458563535911603
800,21.210364351272585,0.2563075506445672,0.9134254143646413,0.2581952117863721,0.2544198895027625
900,22.18657487869263,0.2465930018416207,0.8832596685082873,0.2478821362799263,0.24530386740331506
1000,20.839147844314574,0.2601289134438306,0.9007734806629834,0.26418047882136275,0.25607734806629845
1100,20.09962526321411,0.24125230202578263,0.9058563535911605,0.24383057090239402,0.23867403314917116
1200,20.5982266998291,0.23802946593001847,0.8906629834254136,0.23959484346224674,0.23646408839779007
1300,20.394401330947876,0.24129834254143653,0.8538121546961327,0.24337016574585646,0.2392265193370166
1400,20.225945930480957,0.241804788213628,0.8765193370165749,0.24244935543278084,0.2411602209944751
1500,19.875730867385865,0.23370165745856356,0.9000552486187845,0.2342541436464089,0.23314917127071816
1600,19.46255639076233,0.2483885819521179,0.8974033149171271,0.25092081031307545,0.24585635359116023
1700,19.877686710357665,0.24613259668508305,0.8955801104972375,0.24613259668508275,0.24613259668508294
1800,19.951953411102295,0.2245395948434621,0.8712707182320439,0.22504604051565377,0.22403314917127065
1900,19.431737546920775,0.22495395948434635,0.8433701657458564,0.22642725598526717,0.22348066298342562
2000,19.157537078857423,0.2151933701657458,0.8430939226519332,0.21629834254143646,0.21408839779005517
2100,19.576114311218262,0.22458563535911585,0.879281767955802,0.2267955801104972,0.22237569060773488
2200,18.391000356674194,0.23609576427255993,0.9182320441988947,0.23655616942909763,0.23563535911602204
2300,18.05873164176941,0.21376611418047872,0.8346408839779004,0.2173112338858195,0.21022099447513803
2400,18.311719465255738,0.2053406998158379,0.7917679558011045,0.20709023941068141,0.20359116022099452
2500,18.578162326812745,0.2299263351749539,0.8736464088397796,0.23360957642725588,0.22624309392265202
2600,18.47010479927063,0.21496316758747705,0.8939779005524864,0.2147329650092081,0.21519337016574583
2700,18.194953451156618,0.23218232044198892,0.868342541436464,0.23397790055248616,0.2303867403314917
2800,18.35734705924988,0.2033609576427255,0.8150828729281766,0.20506445672191528,0.20165745856353576
2900,18.75240701675415,0.2048342541436464,0.8264088397790055,0.20718232044198898,0.20248618784530376
3000,17.767411527633666,0.21022099447513817,0.8551933701657457,0.2121546961325967,0.20828729281767955
3100,17.96790274143219,0.19323204419889495,0.7962430939226519,0.19668508287292802,0.18977900552486177
3200,18.753380165100097,0.19755985267034984,0.8245856353591159,0.2000920810313075,0.19502762430939216
3300,17.883013758659363,0.21763351749539586,0.8572928176795582,0.2200736648250459,0.21519337016574583
3400,16.88082048892975,0.1966390423572743,0.7841436464088397,0.19825046040515654,0.19502762430939233
3500,17.23332139968872,0.197329650092081,0.8427624309392268,0.19852670349907908,0.1961325966850827
3600,16.807579507827757,0.2185543278084715,0.8513259668508284,0.22025782688766118,0.2168508287292818
3700,16.769770441055297,0.19254143646408853,0.8226519337016578,0.19475138121546964,0.19033149171270708
3800,17.163003883361817,0.2043738489871086,0.7942541436464089,0.20570902394106808,0.20303867403314912
3900,17.078208961486816,0.19415285451197042,0.8499447513812153,0.19548802946592977,0.192817679558011
4000,17.038193225860596,0.20787292817679562,0.8666850828729282,0.2077348066298343,0.20801104972375695
4100,16.863478240966796,0.20524861878453035,0.8468508287292822,0.20745856353591163,0.20303867403314918
4200,16.965678367614746,0.20437384898710853,0.8687845303867403,0.2048802946593002,0.20386740331491704
4300,17.42842619895935,0.19673112338858192,0.8359668508287296,0.19760589318600363,0.19585635359116013
4400,16.80572023868561,0.196316758747698,0.8231491712707183,0.19815837937384903,0.194475138121547
4500,17.045643072128296,0.19203499079189681,0.815414364640884,0.19318600368324126,0.19088397790055242
4600,15.618751974105836,0.18531307550644566,0.7526519337016574,0.18720073664825043,0.18342541436464094
4700,16.01249443054199,0.18729281767955797,0.7814917127071824,0.18895027624309382,0.18563535911602203
4800,16.328147563934326,0.19521178637200742,0.8285082872928182,0.1962246777163904,0.19419889502762427
4900,15.998506097793578,0.18540515653775325,0.7749171270718227,0.18572744014732973,0.18508287292817688
5000,16.909080069065094,0.1965930018416206,0.8251933701657456,0.19760589318600363,0.19558011049723764
5100,16.685993914604186,0.18259668508287294,0.7990055248618786,0.18535911602209948,0.1798342541436464
5200,15.771032028198242,0.18241252302025768,0.8222651933701649,0.18388581952117847,0.18093922651933705
5300,16.169540095329285,0.19309392265193365,0.8562430939226526,0.1958563535911602,0.1903314917127071
5400,15.398565638065339,0.17642725598526693,0.7626519337016574,0.1785451197053407,0.17430939226519335
5500,15.4416805934906,0.181998158379374,0.7887292817679559,0.1841620626151013,0.1798342541436464
5600,15.495064177513122,0.18766114180478827,0.7860220994475142,0.19051565377532229,0.18480662983425417
5700,15.656416063308717,0.17877532228360954,0.795690607734807,0.1799263351749539,0.17762430939226517
5800,15.25120987892151,0.18701657458563534,0.8353038674033146,0.18950276243093916,0.18453038674033137
5900,13.52269178390503,0.18172191528545123,0.7479558011049725,0.18250460405156532,0.18093922651933703
6000,15.35240553855896,0.18885819521178634,0.7470165745856355,0.18959484346224675,0.188121546961326
6100,15.282165307998657,0.1798802946593002,0.7832044198895025,0.18075506445672185,0.1790055248618784
6200,15.213336334228515,0.18227440147329652,0.7460220994475144,0.1825046040515654,0.18204419889502757
6300,14.897477412223816,0.19300184162062625,0.8179005524861876,0.19567219152854518,0.1903314917127072
6400,14.277980649471283,0.17394106813996305,0.7280662983425416,0.1757826887661141,0.17209944751381212
6500,15.034315991401673,0.1859116022099447,0.797348066298342,0.18756906077348065,0.18425414364640885
6600,15.163558883666992,0.18241252302025782,0.7799447513812159,0.1830570902394107,0.1817679558011049
6700,14.745291347503661,0.17836095764272566,0.7626519337016577,0.17965009208103128,0.17707182320441991
6800,14.494924759864807,0.18135359116022098,0.7840883977900555,0.18314917127071823,0.17955801104972371
6900,15.3294828248024,0.1811233885819521,0.7535911602209945,0.1824125230202577,0.17983425414364634
7000,15.393781042098999,0.17831491712707181,0.7630386740331491,0.1795580110497236,0.1770718232044199
7100,15.521287884712219,0.18549723756906067,0.773259668508287,0.1875690607734806,0.18342541436464085
7200,14.962710032463074,0.18227440147329654,0.7917127071823207,0.1827808471454881,0.18176795580110505
7300,14.540355343818664,0.17831491712707173,0.7583425414364637,0.1787292817679557,0.17790055248618777
7400,15.368536248207093,0.18066298342541437,0.7491160220994475,0.18232044198895028,0.1790055248618785
7500,15.130070271492004,0.17877532228360954,0.7405524861878453,0.1799263351749539,0.17762430939226515
7600,15.085784473419189,0.18250460405156532,0.7523204419889501,0.18379373848987113,0.18121546961325966
7700,14.499125447273254,0.17523020257826877,0.7591160220994473,0.17615101289134424,0.17430939226519326
7800,14.668975496292115,0.1734346224677717,0.7148618784530383,0.17532228360957647,0.17154696132596686
7900,14.469590561389923,0.17407918968692446,0.7528729281767961,0.17495395948434628,0.17320441988950275
8000,14.505365107059479,0.18558931860036837,0.7696685082872927,0.18720073664825046,0.18397790055248617
8100,14.902797214984894,0.1748158379373849,0.7251933701657461,0.17670349907918967,0.17292817679558
8200,14.71197463274002,0.17951197053406995,0.7611049723756901,0.18029465930018415,0.17872928176795572
8300,14.963882887363434,0.1757826887661142,0.7767403314917127,0.17394106813996316,0.17762430939226515
8400,14.152515149116516,0.17113259668508296,0.7396685082872929,0.1712707182320443,0.17099447513812155
8500,14.571099112033844,0.17527624309392273,0.7239226519337016,0.17624309392265206,0.17430939226519337
8600,14.712381839752197,0.17642725598526707,0.7611602209944752,0.17909760589318602,0.17375690607734803
8700,13.67805603981018,0.1787292817679558,0.7459668508287294,0.18121546961325957,0.17624309392265197
8800,14.642574582099915,0.17375690607734792,0.747624309392265,0.17430939226519335,0.17320441988950275
8900,14.346796808242798,0.1704419889502762,0.7323204419889502,0.17265193370165746,0.16823204419889506
9000,14.524370951652527,0.1755985267034991,0.7499447513812155,0.1774401473296501,0.17375690607734803
9100,13.690973918437958,0.1732044198895028,0.7838121546961316,0.17375690607734806,0.17265193370165735
9200,14.55601423740387,0.1880755064456721,0.7798895027624312,0.1902394106813996,0.1859116022099447
9300,14.979315943717957,0.17044198895027612,0.7544198895027621,0.17237569060773478,0.16850828729281755
9400,15.115218634605407,0.17145488029465916,0.7413259668508287,0.1732965009208103,0.16961325966850826
9500,13.985980558395386,0.1688766114180479,0.7588950276243095,0.17034990791896867,0.16740331491712707
9600,14.34000256061554,0.1705801104972375,0.765138121546961,0.17237569060773478,0.16878453038674027
9700,13.962724609375,0.1694290976058931,0.7287845303867411,0.17034990791896856,0.1685082872928177
9800,14.946754565238953,0.17306629834254147,0.7822099447513817,0.17430939226519335,0.17182320441988957
9900,14.01786660671234,0.16906077348066303,0.7588950276243088,0.17016574585635366,0.16795580110497244
10000,14.791303696632385,0.16192449355432792,0.7662430939226519,0.1636279926335175,0.16022099447513813
10100,13.489536244869232,0.16040515653775322,0.7170718232044203,0.16307550644567226,0.15773480662983433
10200,14.360965414047241,0.16910681399631677,0.7549171270718232,0.17108655616942908,0.1671270718232045
10300,14.31669429063797,0.16312154696132597,0.7458563535911609,0.16546961325966864,0.16077348066298344
10400,12.704438929557801,0.16266114180478816,0.7213259668508291,0.16427255985267036,0.16104972375690604
10500,14.093983964920044,0.16616022099447522,0.7471270718232045,0.1679558011049725,0.1643646408839779
10600,13.575848731994629,0.16468692449355432,0.7435359116022102,0.16500920810313074,0.16436464088397787
10700,14.088061203956604,0.16178637200736648,0.7303314917127073,0.1625230202578269,0.16104972375690607
10800,13.64495265007019,0.17025782688766103,0.7635359116022097,0.1714548802946592,0.16906077348066295
10900,14.284000341892243,0.16666666666666669,0.7651933701657457,0.1689686924493555,0.16436464088397795
11000,14.224765119552613,0.16174033149171274,0.7709392265193371,0.16408839779005535,0.15939226519337013
11100,14.075460324287414,0.16381215469613258,0.7445856353591158,0.16381215469613258,0.16381215469613264
11200,13.253757419586181,0.162108655616943,0.7376243093922653,0.16316758747697974,0.16104972375690604
11300,14.911921062469482,0.1590699815837937,0.7568508287292816,0.16068139963167585,0.15745856353591156
11400,14.71127259016037,0.16464088397790058,0.7454696132596685,0.16546961325966855,0.16381215469613267
11500,13.874349241256715,0.1654235727440148,0.7419337016574586,0.16758747697974222,0.16325966850828727
11600,14.249868321418763,0.15930018416206274,0.7640883977900553,0.16197053406998163,0.1566298342541436
11700,13.650920641422271,0.1683701657458564,0.7583425414364645,0.17016574585635366,0.16657458563535915
11800,13.994267845153809,0.16081952117863724,0.7291712707182323,0.16252302025782694,0.15911602209944756
11900,13.128337049484253,0.1591620626151013,0.7232596685082872,0.16086556169429098,0.15745856353591162
12000,13.32531581401825,0.17168508287292825,0.7308839779005519,0.1726519337016575,0.17071823204419884
12100,14.130772304534911,0.15824125230202576,0.7250828729281766,0.15985267034990788,0.15662983425414362
12200,14.185708198547363,0.16220073664825063,0.7481215469613262,0.1639042357274402,0.16049723756906084
12300,14.072057814598084,0.16325966850828727,0.7689502762430941,0.16464088397790053,0.16187845303867404
12400,14.549773278236389,0.15994475138121556,0.7419337016574586,0.16243093922651936,0.15745856353591176
12500,13.435091969966889,0.16662062615101286,0.7253591160220993,0.16777163904235728,0.16546961325966847
12600,13.952637305259705,0.16473296500920812,0.7574585635359115,0.16620626151012888,0.16325966850828733
12700,13.722833619117736,0.1623848987108656,0.732209944751381,0.1617863720073665,0.16298342541436467
12800,13.735047426223755,0.15916206261510135,0.7623756906077346,0.1614180478821362,0.1569060773480663
12900,13.464298477172852,0.15469613259668508,0.7402762430939228,0.15662983425414365,0.15276243093922653
13000,13.848231735229492,0.16298342541436459,0.7428729281767957,0.16436464088397784,0.16160220994475144
13100,13.98420126914978,0.16054327808471455,0.7211602209944756,0.16141804788213626,0.15966850828729276
13200,13.763005826473236,0.15662983425414367,0.7347513812154695,0.15773480662983433,0.1555248618784531
13300,14.039298281669616,0.15953038674033146,0.7420441988950276,0.1613259668508287,0.15773480662983427
13400,13.372513842582702,0.16385819521178643,0.7162430939226518,0.16528545119705348,0.16243093922651936
13500,13.72403524160385,0.15584714548802947,0.7327071823204417,0.1569981583793738,0.1546961325966851
13600,12.818128287792206,0.1579189686924493,0.7340331491712708,0.1589318600368324,0.15690607734806628
13700,12.707239623069762,0.15589318600368327,0.690497237569061,0.1573664825046041,0.15441988950276248
13800,13.541246504783631,0.16477900552486205,0.7691160220994478,0.16519337016574592,0.1643646408839781
13900,13.389358506202697,0.16454880294659316,0.7380110497237569,0.16583793738489877,0.16325966850828738
14000,13.304290447235108,0.16072744014732968,0.7045856353591162,0.16095764272559857,0.16049723756906079
14100,13.845980777740479,0.1628913443830571,0.7678453038674032,0.16390423572744015,0.16187845303867412
14200,13.626111726760865,0.1563075506445672,0.7012707182320441,0.15764272559852668,0.1549723756906078
14300,14.053727734088898,0.16215469613259678,0.7496685082872928,0.16436464088397787,0.15994475138121556
14400,13.937184779644012,0.15870165745856366,0.7365745856353593,0.16022099447513816,0.15718232044198902
14500,13.092438609600068,0.1652854511970534,0.7407182320441991,0.16648250460405148,0.1640883977900553
14600,13.23885540485382,0.15966850828729287,0.71060773480663,0.16077348066298344,0.15856353591160224
14700,13.872631568908691,0.1615101289134439,0.7574585635359119,0.1625230202578269,0.16049723756906087
14800,14.036432037353515,0.1606353591160222,0.7434254143646407,0.1629834254143646,0.15828729281767964
14900,14.130183520317077,0.15690607734806636,0.7543646408839777,0.1591160220994476,0.1546961325966851
15000,13.147928991317748,0.159622467771639,0.7192265193370163,0.16095764272559845,0.15828729281767961
15100,12.647648179531098,0.15621546961325963,0.7156906077348066,0.1560773480662984,0.15635359116022104
15200,13.73416512966156,0.1568139963167588,0.7140331491712706,0.1567219152854513,0.1569060773480664
15300,12.964153351783752,0.16210865561694296,0.7543093922651932,0.16399631675874776,0.1602209944751382
15400,13.376450712680816,0.15478821362799267,0.7287845303867405,0.15626151012891346,0.15331491712707185
15500,13.599723324775695,0.1556169429097607,0.73292817679558,0.15626151012891357,0.1549723756906078
15600,12.938035714626313,0.15736648250460408,0.7276795580110494,0.15865561694290972,0.1560773480662984
15700,12.68927537560463,0.1550644567219153,0.7261325966850829,0.15681399631675877,0.15331491712707185
15800,13.78205647945404,0.15446593001841627,0.7296685082872932,0.15589318600368327,0.15303867403314927
15900,12.71326994895935,0.1543278084714549,0.7000552486187845,0.15616942909760584,0.15248618784530393
16000,13.917309331893922,0.1532228360957643,0.7329281767955801,0.1542357274401474,0.15220994475138125
16100,12.518708868026733,0.15570902394106817,0.7176243093922653,0.15589318600368327,0.15552486187845302
16200,13.215671172142029,0.15543278084714549,0.7218232044198896,0.1597605893186004,0.15110497237569065
16300,13.641185562610627,0.1558931860036833,0.7450828729281765,0.15764272559852668,0.15414364640883985
16400,13.226321272850036,0.15639963167587478,0.73,0.15782688766114183,0.15497237569060776
16500,13.3192031955719,0.15635359116022107,0.7317127071823201,0.15773480662983425,0.1549723756906077
16600,12.893183159828187,0.15372928176795583,0.7393370165745861,0.1574585635359116,0.1500000000000001
16700,12.981288568973541,0.15483425414364635,0.7341988950276247,0.15552486187845305,0.15414364640883982
16800,13.088402445316314,0.15699815837937386,0.7034254143646412,0.15791896869244937,0.1560773480662984
16900,12.416685746908188,0.15197974217311247,0.7125414364640885,0.1536832412523021,0.15027624309392268
17000,12.814169216156007,0.1568139963167588,0.7375690607734805,0.15837937384898715,0.15524861878453047
17100,13.54036153793335,0.15455801104972378,0.7280110497237569,0.1560773480662984,0.15303867403314922
17200,12.243400754928588,0.1572744014732964,0.7103867403314917,0.15847145488029457,0.15607734806629836
17300,14.244083349704743,0.15511049723756906,0.759060773480663,0.15718232044198896,0.15303867403314922
17400,13.7436567735672,0.1516574585635359,0.7426519337016573,0.15441988950276245,0.14889502762430948
17500,12.42855808019638,0.1570441988950276,0.7455248618784529,0.15939226519337024,0.15469613259668508
17600,14.34905475139618,0.1600368324125231,0.7585082872928179,0.16261510128913442,0.1574585635359117
17700,13.329523921012878,0.15506445672191543,0.7374585635359114,0.1568139963167588,0.15331491712707196
17800,13.720523772239686,0.15262430939226526,0.7220994475138126,0.15441988950276245,0.15082872928176788
17900,13.555212993621826,0.1540976058931861,0.7323204419889503,0.15488029465930028,0.15331491712707185
18000,13.978444197177886,0.1561694290976059,0.7571270718232043,0.15874769797421723,0.15359116022099445
18100,11.991326050758362,0.1593922651933702,0.7455801104972375,0.1616022099447514,0.15718232044198893
18200,13.221688055992127,0.15667587476979752,0.7209392265193371,0.15810313075506457,0.15524861878453045
18300,12.155938906669617,0.15676795580110503,0.7081767955801105,0.15773480662983433,0.15580110497237576
18400,13.02235439300537,0.15524861878453036,0.7133149171270721,0.15745856353591162,0.15303867403314922
18500,14.028280925750732,0.15423572744014732,0.7416574585635358,0.15653775322283606,0.15193370165745865
18600,14.069656230211258,0.1599447513812155,0.7305524861878455,0.16243093922651936,0.15745856353591162
18700,14.194728856086732,0.1520257826887662,0.7201104972375694,0.1529465930018417,0.1511049723756907
18800,12.913000400066375,0.1566758747697974,0.7274033149171274,0.15727440147329647,0.15607734806629833
18900,13.639901666641235,0.1555248618784531,0.7120994475138123,0.15745856353591167,0.15359116022099453
19000,13.393863291740418,0.1558471454880295,0.7409944751381214,0.15699815837937386,0.1546961325966852
19100,13.106211845874787,0.14852670349907923,0.7153591160220993,0.15036832412523024,0.14668508287292822
19200,13.685489919185638,0.15230202578268878,0.7299447513812153,0.15377532228360966,0.15082872928176805
19300,13.06460782289505,0.15101289134438323,0.7179005524861881,0.1531307550644568,0.14889502762430942
19400,13.239356689453125,0.15764272559852677,0.7346961325966848,0.15948434622467783,0.15580110497237581
19500,13.243244252204896,0.15796500920810308,0.7208839779005525,0.1593001841620626,0.15662983425414367
19600,12.949159934520722,0.15299263351749545,0.7332044198895028,0.15377532228360966,0.15220994475138133
19700,12.896595959663392,0.15580110497237568,0.724364640883978,0.15856353591160216,0.15303867403314927
19800,13.342856588363647,0.15824125230202593,0.7218784530386745,0.15930018416206274,0.15718232044198902
19900,12.472550539970397,0.15524861878453053,0.7272375690607733,0.15690607734806636,0.15359116022099453
20000,13.711962833404542,0.15690607734806641,0.7524309392265195,0.15828729281767956,0.15552486187845316
20100,12.73154857635498,0.1550184162062616,0.7405524861878451,0.15644567219152858,0.15359116022099453
20200,12.759231107234955,0.15709023941068143,0.741546961325967,0.15865561694290978,0.1555248618784531
20300,13.513409953117371,0.15262430939226526,0.7148618784530384,0.15497237569060782,0.15027624309392268
20400,13.348445172309875,0.1531767955801105,0.7224861878453037,0.15414364640883985,0.1522099447513813
20500,13.107580046653748,0.15299263351749542,0.7160773480662983,0.1537753222836096,0.15220994475138122
20600,13.0168040060997,0.14995395948434628,0.7070165745856349,0.15156537753222846,0.14834254143646416
20700,12.735555853843689,0.15271639042357277,0.7290055248618782,0.15405156537753226,0.15138121546961333
20800,12.618521294593812,0.1515653775322284,0.7105524861878454,0.1520257826887661,0.15110497237569062
20900,13.381606464385987,0.1537753222836096,0.724585635359116,0.1542357274401474,0.15331491712707193
21000,12.755443320274352,0.15395948434622475,0.7101104972375689,0.15515653775322294,0.1527624309392266
21100,13.881534888744355,0.15267034990791897,0.7311049723756912,0.15313075506445678,0.15220994475138122
21200,13.833838381767272,0.15087476979742181,0.7342541436464084,0.1523020257826888,0.14944751381215476
21300,13.621400418281555,0.1531767955801105,0.7235359116022093,0.1544198895027624,0.15193370165745868
21400,13.173779201507568,0.15202578268876624,0.7255801104972376,0.15405156537753226,0.15000000000000005
21500,13.715825188159943,0.1535451197053408,0.720220994475138,0.1568139963167587,0.15027624309392268
21600,12.733774137496948,0.14972375690607742,0.7205524861878451,0.15138121546961328,0.14806629834254154
21700,12.69326298713684,0.1519337016574587,0.7065745856353591,0.15331491712707196,0.1505524861878454
21800,12.936911351680756,0.15391344383057096,0.7286740331491712,0.1542357274401474,0.1535911602209945
21900,12.658554465770722,0.15414364640883987,0.7121546961325965,0.15607734806629847,0.15220994475138128
22000,12.67690804719925,0.15082872928176805,0.72646408839779,0.15276243093922656,0.14889502762430948
22100,12.57812433719635,0.15395948434622467,0.7351381215469613,0.1562615101289134,0.1516574585635359
22200,13.377341895103454,0.15115101289134447,0.7245303867403314,0.15395948434622472,0.14834254143646416
22300,12.827856791019439,0.15101289134438314,0.7236464088397789,0.1520257826887662,0.1500000000000001
22400,12.701199054718018,0.150828729281768,0.7241436464088398,0.15276243093922656,0.14889502762430948
22500,13.559891648292542,0.1500460405156538,0.7233149171270717,0.15230202578268878,0.1477900552486189
22600,13.907671773433686,0.15377532228360966,0.7371823204419892,0.15672191528545124,0.15082872928176805
22700,11.960407865047454,0.15142725598526707,0.7146408839779005,0.15230202578268887,0.1505524861878454
22800,13.810253276824952,0.14852670349907932,0.7030386740331495,0.15009208103130767,0.1469613259668509
22900,12.678221204280852,0.1545580110497238,0.7238674033149172,0.1555248618784531,0.1535911602209946
23000,13.46470670223236,0.1511049723756907,0.721160220994475,0.1527624309392266,0.14944751381215485
23100,12.982343058586121,0.15386740331491716,0.7292817679558008,0.15524861878453045,0.15248618784530396
23200,13.345638802051544,0.15197974217311244,0.717016574585636,0.15257826887661152,0.15138121546961336
23300,12.389616241455078,0.15317679558011058,0.7158011049723756,0.15359116022099456,0.15276243093922656
23400,12.773872976303101,0.1522099447513812,0.711988950276243,0.1538674033149171,0.15055248618784534
23500,13.510879089832306,0.1550644567219153,0.729723756906077,0.15405156537753228,0.1560773480662984
23600,12.64304292678833,0.15395948434622475,0.709502762430939,0.15377532228360968,0.15414364640883987
23700,12.517176933288575,0.15354511970534074,0.7155801104972374,0.15405156537753226,0.15303867403314927
23800,13.543402781486511,0.1525322283609577,0.7167955801104975,0.15285451197053407,0.15220994475138128
23900,12.394504222869873,0.15326887661141822,0.7181767955801108,0.1540515653775322,0.1524861878453039
24000,14.37648283481598,0.15023020257826908,0.7383425414364642,0.1529465930018417,0.14751381215469625
24100,12.842647681236267,0.1519797421731124,0.725524861878453,0.15423572744014732,0.14972375690607742
24200,12.799495244026184,0.15234806629834255,0.728121546961326,0.1535911602209946,0.15110497237569068
24300,13.892814104557038,0.14976979742173122,0.7199447513812158,0.1509208103130755,0.1486187845303868
24400,13.491474468708038,0.15303867403314922,0.7260220994475136,0.15414364640883982,0.15193370165745868
24500,13.013500599861144,0.15225598526703504,0.7190607734806632,0.15285451197053407,0.15165745856353596
24600,13.066209914684295,0.1522559852670349,0.7281767955801107,0.152854511970534,0.15165745856353594
24700,13.002886251211166,0.14963167587476983,0.72353591160221,0.1520257826887661,0.14723756906077354
24800,14.062757425308227,0.15202578268876618,0.7223204419889503,0.15405156537753226,0.15000000000000002
24900,13.203122020959855,0.15188766114180483,0.7237569060773481,0.15184162062615103,0.1519337016574586
25000,12.791653451919556,0.15032228360957647,0.7265745856353594,0.15202578268876618,0.14861878453038674
