100,25.723229846954347,0.2972222222222223,0.95,0.3044444444444444,0.29000000000000004
200,24.895370178222656,0.3194444444444445,0.929666666666667,0.3188888888888889,0.32000000000000006
300,23.816927757263183,0.2991666666666666,0.9173333333333333,0.2916666666666667,0.3066666666666667
400,24.024290256500244,0.3019444444444445,0.9373333333333332,0.3005555555555556,0.3033333333333334
500,23.1718816280365,0.33499999999999996,0.9290000000000002,0.32999999999999996,0.3399999999999999
600,23.921622543334962,0.32083333333333325,0.9463333333333336,0.3233333333333333,0.31833333333333325
700,22.357780408859252,0.3158333333333332,0.9513333333333335,0.32000000000000006,0.3116666666666666
800,22.493940668106077,0.32166666666666666,0.9403333333333335,0.3266666666666666,0.31666666666666665
900,22.541468210220337,0.2733333333333333,0.9049999999999997,0.2750000000000001,0.27166666666666667
1000,22.22695514678955,0.29444444444444445,0.8970000000000001,0.29555555555555557,0.29333333333333333
1100,21.975660095214845,0.2833333333333333,0.9489999999999998,0.2816666666666667,0.28500000000000003
1200,21.91826410293579,0.28472222222222227,0.9316666666666669,0.2811111111111112,0.2883333333333333
1300,20.289550170898437,0.2616666666666667,0.8223333333333336,0.2666666666666667,0.2566666666666667
1400,21.038916959762574,0.25166666666666665,0.872,0.2566666666666667,0.24666666666666667
1500,19.84005187034607,0.2336111111111111,0.8840000000000001,0.2372222222222222,0.23000000000000004
1600,20.989818658828735,0.2841666666666667,0.9093333333333332,0.28500000000000003,0.2833333333333333
1700,20.74409508705139,0.2536111111111111,0.9236666666666664,0.2605555555555556,0.2466666666666667
1800,20.903068408966064,0.24333333333333332,0.8740000000000001,0.24000000000000005,0.24666666666666667
1900,20.393213682174682,0.24027777777777778,0.8786666666666666,0.2388888888888889,0.24166666666666672
2000,19.764095849990845,0.23361111111111119,0.8256666666666667,0.2322222222222222,0.23500000000000001
2100,19.764301662445067,0.24194444444444443,0.8976666666666664,0.24555555555555555,0.23833333333333334
2200,20.38423631668091,0.23861111111111116,0.8500000000000001,0.24055555555555555,0.2366666666666667
2300,19.41963658332825,0.26305555555555554,0.9223333333333332,0.2761111111111111,0.25000000000000006
2400,19.12116554260254,0.25083333333333335,0.8773333333333333,0.2566666666666667,0.24500000000000005
2500,18.85905501842499,0.2594444444444444,0.8820000000000001,0.26055555555555554,0.25833333333333325
2600,20.04202486038208,0.2722222222222222,0.901,0.2761111111111111,0.26833333333333337
2700,19.66761276245117,0.22916666666666666,0.8583333333333331,0.235,0.22333333333333333
2800,19.592398929595948,0.2363888888888889,0.8780000000000002,0.23777777777777778,0.235
2900,18.916894130706787,0.22694444444444442,0.8759999999999999,0.2305555555555555,0.2233333333333333
3000,18.976863918304442,0.2555555555555556,0.8773333333333332,0.26111111111111107,0.25
3100,18.862872648239136,0.22499999999999995,0.8766666666666668,0.225,0.225
3200,19.1025399684906,0.2308333333333334,0.8190000000000001,0.22999999999999998,0.23166666666666666
3300,19.061891708374024,0.2558333333333333,0.8593333333333334,0.26,0.25166666666666665
3400,19.093848543167113,0.24888888888888885,0.8866666666666666,0.2494444444444444,0.24833333333333327
3500,18.255125579833983,0.20444444444444448,0.8436666666666668,0.20722222222222225,0.20166666666666674
3600,18.673193225860597,0.24749999999999997,0.9166666666666664,0.24833333333333335,0.24666666666666665
3700,19.104527111053468,0.26111111111111107,0.9223333333333332,0.26222222222222225,0.25999999999999995
3800,18.49070903301239,0.22972222222222222,0.8399999999999999,0.2327777777777778,0.22666666666666668
3900,17.45399087905884,0.22611111111111112,0.8823333333333333,0.23055555555555554,0.2216666666666667
4000,18.803144540786743,0.2291666666666666,0.8439999999999998,0.2283333333333334,0.23000000000000004
4100,19.158145828247072,0.25833333333333336,0.879,0.26500000000000007,0.2516666666666667
4200,18.617945108413696,0.21916666666666662,0.8236666666666665,0.22333333333333333,0.21499999999999997
4300,18.045326795578003,0.2508333333333333,0.833,0.24833333333333332,0.2533333333333333
4400,17.989393291473387,0.21277777777777776,0.7900000000000001,0.21722222222222218,0.2083333333333333
4500,17.260924739837648,0.22527777777777777,0.841,0.22388888888888883,0.22666666666666663
4600,17.77750775337219,0.20555555555555557,0.8736666666666666,0.2077777777777778,0.20333333333333334
4700,17.347465219497682,0.26305555555555554,0.8516666666666666,0.2627777777777778,0.2633333333333333
4800,17.765143280029296,0.2133333333333333,0.8206666666666665,0.21666666666666665,0.21000000000000002
4900,17.61927712917328,0.26916666666666667,0.9220000000000003,0.26999999999999996,0.2683333333333333
5000,17.550337181091308,0.2144444444444444,0.7936666666666667,0.21888888888888897,0.21000000000000005
5100,17.185579190254213,0.20805555555555558,0.8126666666666668,0.20777777777777776,0.20833333333333334
5200,16.3813565158844,0.21194444444444438,0.8040000000000002,0.21555555555555556,0.20833333333333334
5300,15.700752058029174,0.20666666666666667,0.8410000000000001,0.20999999999999996,0.20333333333333334
5400,16.36647681236267,0.22333333333333336,0.8153333333333334,0.225,0.22166666666666668
5500,16.44473084926605,0.21527777777777773,0.8086666666666668,0.22055555555555556,0.21
5600,17.294926362037657,0.20750000000000002,0.8420000000000002,0.20666666666666667,0.2083333333333334
5700,16.56060341835022,0.21250000000000005,0.7923333333333334,0.21000000000000005,0.21500000000000002
5800,16.141568479537963,0.2166666666666667,0.8223333333333332,0.2166666666666667,0.21666666666666676
5900,16.277500162124635,0.20972222222222223,0.8266666666666669,0.21277777777777776,0.20666666666666667
6000,15.574723103046416,0.20555555555555557,0.8479999999999998,0.20444444444444443,0.2066666666666667
6100,16.377503361701965,0.21611111111111114,0.8173333333333334,0.21555555555555558,0.21666666666666673
6200,15.527164602279663,0.20750000000000002,0.7606666666666667,0.20833333333333334,0.20666666666666667
6300,16.358965253829957,0.2075,0.7853333333333337,0.20833333333333337,0.2066666666666667
6400,16.096452565193175,0.19861111111111113,0.7896666666666666,0.19888888888888892,0.19833333333333336
6500,16.336746516227723,0.20611111111111108,0.8423333333333335,0.20888888888888885,0.2033333333333333
6600,15.994087862968446,0.20277777777777778,0.7910000000000001,0.20555555555555557,0.20000000000000004
6700,15.194022994041443,0.18555555555555553,0.7756666666666667,0.1861111111111111,0.18499999999999997
6800,16.181805057525636,0.21055555555555555,0.8256666666666665,0.21111111111111114,0.21
6900,16.167708888053895,0.19611111111111112,0.7880000000000003,0.1988888888888889,0.19333333333333333
7000,16.049745817184448,0.1905555555555555,0.8066666666666665,0.19444444444444436,0.18666666666666662
7100,16.76013873577118,0.21416666666666664,0.8256666666666668,0.21333333333333337,0.215
7200,15.10209216594696,0.19000000000000003,0.7886666666666665,0.19166666666666668,0.18833333333333338
7300,17.449755039215088,0.2077777777777778,0.8136666666666666,0.2055555555555556,0.21000000000000002
7400,16.563368945121766,0.20611111111111105,0.82,0.20722222222222222,0.20500000000000004
7500,15.949272150993346,0.21083333333333337,0.815666666666667,0.21500000000000002,0.2066666666666667
7600,15.229901037216187,0.2069444444444444,0.8320000000000001,0.20888888888888887,0.20499999999999996
7700,16.135034699440002,0.2013888888888889,0.7706666666666667,0.19944444444444445,0.2033333333333333
7800,16.590908932685853,0.20694444444444443,0.8220000000000002,0.20722222222222225,0.20666666666666672
7900,15.82773429632187,0.18472222222222218,0.7810000000000001,0.18777777777777777,0.18166666666666667
8000,16.18472358703613,0.19472222222222227,0.7946666666666667,0.19111111111111115,0.19833333333333333
8100,15.322678318023682,0.18750000000000003,0.7946666666666666,0.18999999999999997,0.185
8200,15.279241859912872,0.19499999999999998,0.7986666666666665,0.1933333333333333,0.19666666666666666
8300,14.847521665096282,0.19666666666666666,0.779,0.2,0.19333333333333338
8400,14.480020985603332,0.19277777777777774,0.7686666666666666,0.19722222222222216,0.1883333333333333
8500,15.872034118175506,0.20916666666666667,0.7926666666666669,0.205,0.21333333333333335
8600,15.078760187625885,0.18749999999999992,0.8506666666666668,0.18833333333333335,0.18666666666666665
8700,14.61696066379547,0.18888888888888886,0.7609999999999999,0.19277777777777777,0.18499999999999997
8800,15.322045965194702,0.19250000000000003,0.8050000000000002,0.19500000000000003,0.19000000000000006
8900,15.59421245098114,0.18583333333333332,0.7766666666666666,0.18666666666666665,0.185
9000,15.685243997573853,0.21611111111111114,0.8416666666666667,0.2138888888888889,0.21833333333333335
9100,16.566732320785523,0.21722222222222218,0.8140000000000001,0.21944444444444444,0.21499999999999997
9200,15.34864845752716,0.19083333333333333,0.791,0.18999999999999997,0.19166666666666668
9300,15.5716867685318,0.18861111111111112,0.7653333333333332,0.1872222222222222,0.18999999999999995
9400,16.1741157913208,0.19472222222222227,0.8353333333333332,0.19444444444444445,0.1950000000000001
9500,16.09206618309021,0.19249999999999998,0.8183333333333334,0.19499999999999998,0.19
9600,15.526058444976806,0.18250000000000005,0.7743333333333332,0.18833333333333335,0.1766666666666667
9700,15.70538899421692,0.1802777777777778,0.8156666666666667,0.18055555555555555,0.17999999999999997
9800,15.71164246082306,0.18388888888888894,0.8033333333333333,0.18444444444444447,0.18333333333333338
9900,15.067641577720643,0.18583333333333338,0.7793333333333333,0.18833333333333338,0.18333333333333338
10000,14.42366286277771,0.18694444444444447,0.7746666666666667,0.18555555555555556,0.18833333333333338
10100,15.524672389030457,0.1691666666666666,0.7989999999999999,0.16999999999999998,0.16833333333333333
10200,15.340829496383668,0.17861111111111108,0.7703333333333334,0.1788888888888889,0.17833333333333332
10300,14.453040173053742,0.16861111111111107,0.7863333333333333,0.1738888888888889,0.1633333333333333
10400,15.755568222999573,0.16916666666666672,0.7716666666666666,0.16999999999999996,0.16833333333333333
10500,14.797211894989013,0.17916666666666664,0.8053333333333332,0.18333333333333332,0.175
10600,15.07359111070633,0.16944444444444443,0.7996666666666667,0.1722222222222222,0.16666666666666669
10700,15.153165445327758,0.18000000000000005,0.7673333333333331,0.18333333333333332,0.1766666666666667
10800,14.77912718296051,0.1772222222222223,0.7610000000000002,0.1811111111111111,0.17333333333333334
10900,14.648225550651551,0.17944444444444443,0.7573333333333333,0.18055555555555555,0.17833333333333334
11000,13.55208327293396,0.18111111111111106,0.8049999999999997,0.18388888888888888,0.17833333333333334
11100,14.8904718875885,0.17249999999999996,0.7846666666666667,0.17166666666666666,0.1733333333333333
11200,14.913556041717529,0.17388888888888893,0.775,0.1761111111111111,0.17166666666666672
11300,15.189358654022216,0.17972222222222217,0.8243333333333335,0.1827777777777778,0.17666666666666664
11400,15.016629996299743,0.1605555555555555,0.7620000000000001,0.16277777777777783,0.1583333333333333
11500,14.419163722991943,0.17388888888888887,0.7789999999999999,0.17444444444444446,0.17333333333333334
11600,14.26450297832489,0.16833333333333336,0.7543333333333334,0.16666666666666669,0.17
11700,14.634111151695251,0.18361111111111106,0.7713333333333335,0.18222222222222226,0.185
11800,14.345602116584779,0.17611111111111113,0.7726666666666666,0.1805555555555556,0.1716666666666667
11900,14.533999865055085,0.1866666666666667,0.7639999999999998,0.1866666666666667,0.1866666666666667
12000,14.295037450790405,0.17305555555555557,0.7516666666666667,0.17277777777777778,0.17333333333333334
12100,14.685486993789674,0.1802777777777778,0.7810000000000001,0.18222222222222229,0.17833333333333337
12200,14.937480096817017,0.17277777777777778,0.7783333333333332,0.17722222222222225,0.16833333333333333
12300,14.689972367286682,0.18305555555555555,0.764,0.1827777777777778,0.18333333333333332
12400,13.462708678245544,0.18361111111111106,0.7576666666666666,0.18722222222222218,0.18000000000000002
12500,14.403013293743134,0.16833333333333333,0.8099999999999999,0.16666666666666663,0.16999999999999998
12600,15.36140734910965,0.1841666666666667,0.8523333333333334,0.18666666666666665,0.18166666666666667
12700,15.205318565368652,0.17277777777777778,0.7846666666666668,0.17555555555555555,0.16999999999999998
12800,14.776077132225037,0.1763888888888889,0.7606666666666667,0.17777777777777778,0.17499999999999996
12900,14.34724956035614,0.17888888888888888,0.7533333333333333,0.18277777777777782,0.17499999999999996
13000,14.36671809196472,0.17500000000000002,0.786,0.1766666666666667,0.17333333333333334
13100,14.843758945465089,0.1822222222222222,0.7859999999999999,0.18611111111111114,0.1783333333333333
13200,15.512551889419555,0.1713888888888889,0.7713333333333334,0.17111111111111116,0.17166666666666675
13300,15.151479363441467,0.17833333333333334,0.7913333333333333,0.18000000000000005,0.17666666666666672
13400,14.55034200668335,0.16472222222222227,0.7596666666666667,0.16444444444444445,0.16499999999999998
13500,13.502345643043519,0.17305555555555555,0.7883333333333334,0.17777777777777776,0.16833333333333333
13600,13.8048659491539,0.1844444444444444,0.7863333333333333,0.18722222222222223,0.18166666666666667
13700,13.193228585720062,0.17055555555555554,0.7299999999999999,0.17111111111111113,0.16999999999999998
13800,14.392611842155457,0.1758333333333333,0.7896666666666666,0.17833333333333337,0.17333333333333337
13900,13.87118361711502,0.17027777777777783,0.7416666666666667,0.17222222222222225,0.1683333333333334
14000,13.36793348789215,0.17527777777777778,0.7546666666666665,0.17555555555555558,0.17500000000000002
14100,14.711560649871826,0.16472222222222221,0.7550000000000001,0.16611111111111113,0.1633333333333333
14200,13.688136959075928,0.1799999999999999,0.7970000000000002,0.17833333333333332,0.18166666666666664
14300,14.614532384872437,0.1611111111111111,0.7610000000000002,0.1655555555555556,0.15666666666666668
14400,14.383436169624328,0.16388888888888892,0.7816666666666667,0.16777777777777778,0.16
14500,13.663008244037629,0.16944444444444445,0.7839999999999997,0.17222222222222222,0.16666666666666669
14600,14.735381779670716,0.16611111111111115,0.7643333333333333,0.16888888888888895,0.16333333333333336
14700,14.93296271085739,0.1683333333333333,0.8153333333333332,0.17499999999999996,0.16166666666666663
14800,13.287870106697083,0.15944444444444447,0.7656666666666666,0.15555555555555556,0.16333333333333336
14900,14.938609068393708,0.16638888888888886,0.8020000000000002,0.16777777777777778,0.16499999999999998
15000,13.822809085845947,0.17138888888888887,0.7443333333333333,0.1711111111111111,0.17166666666666666
15100,14.718363585472106,0.1605555555555555,0.7666666666666668,0.15777777777777774,0.16333333333333336
15200,13.970150241851806,0.15499999999999994,0.762,0.15833333333333333,0.15166666666666667
15300,13.903933553695678,0.16055555555555553,0.7666666666666667,0.1611111111111111,0.16
15400,13.541983706951141,0.17138888888888892,0.7506666666666667,0.17277777777777775,0.17000000000000004
15500,14.088370397090912,0.15416666666666667,0.7843333333333334,0.1583333333333333,0.14999999999999997
15600,14.425624451637269,0.16916666666666672,0.7710000000000001,0.17500000000000002,0.1633333333333333
15700,14.145674517154694,0.1616666666666667,0.7836666666666668,0.16166666666666665,0.16166666666666665
15800,13.68853281736374,0.16166666666666668,0.7766666666666665,0.16166666666666665,0.16166666666666668
15900,13.669049849510193,0.15666666666666665,0.7696666666666665,0.15833333333333333,0.15499999999999997
16000,13.800400490760802,0.16166666666666663,0.757,0.16166666666666668,0.16166666666666665
16100,13.999149925708771,0.1622222222222222,0.7520000000000001,0.16611111111111107,0.15833333333333333
16200,13.360240128040314,0.16750000000000004,0.7453333333333335,0.16833333333333333,0.16666666666666669
16300,13.989307932853698,0.15388888888888888,0.7486666666666668,0.1611111111111111,0.14666666666666667
16400,13.667575113773346,0.16138888888888886,0.7443333333333334,0.16444444444444445,0.15833333333333333
16500,14.200771970748901,0.17083333333333334,0.7456666666666666,0.17333333333333334,0.16833333333333336
16600,13.794443982839585,0.16499999999999995,0.7576666666666667,0.16833333333333333,0.16166666666666663
16700,14.614320206642152,0.15861111111111112,0.769,0.15888888888888886,0.1583333333333333
16800,13.617049794197083,0.1608333333333333,0.761,0.16166666666666668,0.15999999999999998
16900,15.604440622329712,0.16333333333333336,0.7919999999999999,0.16666666666666669,0.16
17000,14.434292693138122,0.1633333333333333,0.7759999999999999,0.165,0.16166666666666663
17100,13.207472100257874,0.16305555555555554,0.7626666666666667,0.16444444444444448,0.16166666666666668
17200,13.852973935604096,0.16944444444444443,0.7893333333333333,0.1688888888888889,0.17
17300,13.63655396938324,0.16249999999999998,0.7643333333333334,0.16166666666666665,0.1633333333333333
17400,13.446014385223389,0.1625,0.7803333333333333,0.16333333333333339,0.16166666666666668
17500,14.260856249332427,0.16472222222222221,0.7863333333333334,0.1627777777777778,0.16666666666666669
17600,13.847451996803283,0.15777777777777782,0.7606666666666667,0.15888888888888886,0.15666666666666668
17700,13.10885154724121,0.15833333333333333,0.7753333333333334,0.16333333333333336,0.15333333333333332
17800,14.580874960422516,0.16555555555555557,0.7576666666666668,0.17111111111111113,0.16
17900,14.484484748840332,0.15861111111111106,0.7553333333333334,0.16388888888888886,0.1533333333333333
18000,14.165592479705811,0.15472222222222218,0.7599999999999999,0.15444444444444444,0.155
18100,15.473356337547303,0.16249999999999998,0.7973333333333331,0.16666666666666666,0.15833333333333333
18200,13.73676524400711,0.16166666666666663,0.7416666666666667,0.1633333333333333,0.16
18300,13.523691909313202,0.15638888888888888,0.7666666666666667,0.15777777777777774,0.15499999999999997
18400,14.387548718452454,0.16249999999999995,0.7570000000000001,0.1616666666666666,0.16333333333333327
18500,13.511720805168151,0.15333333333333335,0.7623333333333334,0.155,0.15166666666666667
18600,13.185164909362793,0.16472222222222221,0.7686666666666667,0.16277777777777777,0.16666666666666663
18700,13.038582742214203,0.1602777777777777,0.7823333333333333,0.15888888888888886,0.16166666666666665
18800,15.079869797229767,0.15694444444444441,0.7599999999999998,0.15888888888888889,0.15499999999999997
18900,13.503680272102356,0.1697222222222222,0.7580000000000001,0.17111111111111113,0.16833333333333333
19000,13.384898262023926,0.1544444444444445,0.7793333333333333,0.15722222222222224,0.15166666666666667
19100,14.401841535568238,0.1605555555555556,0.7556666666666667,0.1611111111111111,0.16
19200,13.396439068317413,0.16194444444444442,0.77,0.1622222222222222,0.16166666666666668
19300,14.346824095249175,0.16166666666666665,0.7783333333333332,0.16166666666666665,0.16166666666666665
19400,13.747622675895691,0.15472222222222226,0.7630000000000001,0.15777777777777777,0.15166666666666667
19500,15.1768581199646,0.15888888888888889,0.7673333333333334,0.15944444444444444,0.15833333333333333
19600,13.405904412269592,0.15583333333333332,0.7573333333333334,0.15666666666666665,0.15499999999999997
19700,14.299452617168427,0.15916666666666668,0.7759999999999999,0.16333333333333336,0.155
19800,13.876795377731323,0.1658333333333333,0.8096666666666669,0.16999999999999998,0.16166666666666668
19900,13.79829380750656,0.1572222222222222,0.768,0.15777777777777777,0.15666666666666668
20000,14.00078914642334,0.15777777777777777,0.7383333333333335,0.15888888888888886,0.15666666666666665
20100,14.054876446723938,0.15999999999999998,0.7623333333333335,0.16166666666666665,0.1583333333333333
20200,12.705356323719025,0.1508333333333333,0.7360000000000001,0.15166666666666664,0.15
20300,13.890770246982575,0.15972222222222218,0.7596666666666667,0.15944444444444444,0.16
20400,13.301652722358703,0.1605555555555556,0.7609999999999998,0.16444444444444445,0.15666666666666668
20500,13.250885365009308,0.15944444444444444,0.7526666666666666,0.15888888888888883,0.15999999999999998
20600,15.363203549385071,0.15222222222222218,0.7756666666666666,0.15777777777777777,0.1466666666666666
20700,12.931381855010986,0.16666666666666666,0.7620000000000001,0.16666666666666663,0.16666666666666663
20800,13.202068265676498,0.155,0.752,0.15833333333333333,0.1516666666666667
20900,13.668973469734192,0.15499999999999997,0.7693333333333332,0.15333333333333335,0.15666666666666668
21000,13.755594036579133,0.15583333333333332,0.7536666666666668,0.15666666666666665,0.15499999999999997
21100,13.712255225181579,0.16,0.7589999999999999,0.16000000000000003,0.16
21200,14.658091156482696,0.1588888888888889,0.7616666666666665,0.16111111111111107,0.1566666666666667
21300,13.370744576454163,0.1622222222222222,0.7493333333333331,0.1611111111111111,0.1633333333333333
21400,13.358793482780456,0.15805555555555556,0.7673333333333332,0.16111111111111112,0.155
21500,13.831893863677978,0.15527777777777774,0.7609999999999999,0.1572222222222222,0.1533333333333333
21600,14.71202094078064,0.16166666666666665,0.7710000000000001,0.16666666666666663,0.15666666666666665
21700,13.418500227928162,0.15472222222222223,0.7656666666666668,0.15944444444444444,0.15000000000000002
21800,14.236301622390748,0.15638888888888886,0.7736666666666667,0.1561111111111111,0.15666666666666665
21900,13.627455418109895,0.16055555555555553,0.7733333333333334,0.16111111111111112,0.16000000000000003
22000,14.443119807243347,0.16361111111111107,0.7696666666666669,0.16388888888888886,0.1633333333333333
22100,13.838401954174042,0.1602777777777777,0.7643333333333333,0.16055555555555553,0.15999999999999998
22200,13.616908626556397,0.15388888888888885,0.7616666666666667,0.15777777777777777,0.15000000000000002
22300,12.987379655838012,0.15694444444444441,0.7526666666666666,0.15888888888888889,0.15499999999999994
22400,14.216617805957794,0.1605555555555556,0.7826666666666668,0.1627777777777778,0.15833333333333333
22500,12.72764529466629,0.15444444444444444,0.7606666666666668,0.1572222222222222,0.15166666666666667
22600,13.561590385437011,0.15666666666666665,0.7593333333333335,0.15999999999999998,0.15333333333333332
22700,13.672889137268067,0.15527777777777776,0.7533333333333334,0.15388888888888888,0.15666666666666668
22800,13.525544481277466,0.15861111111111106,0.768,0.1572222222222222,0.15999999999999995
22900,13.790773792266846,0.15972222222222218,0.7609999999999999,0.16277777777777777,0.15666666666666665
23000,13.13705892086029,0.15555555555555556,0.7506666666666668,0.1611111111111111,0.14999999999999997
23100,12.923109750747681,0.1522222222222222,0.7383333333333333,0.15444444444444444,0.15
23200,13.26509467124939,0.15277777777777776,0.7363333333333336,0.15055555555555555,0.15499999999999997
23300,14.281790370941161,0.16305555555555556,0.7613333333333333,0.16111111111111112,0.165
23400,13.52945954322815,0.15666666666666668,0.7463333333333334,0.15833333333333333,0.15499999999999997
23500,13.909835076332092,0.16027777777777777,0.7380000000000001,0.15888888888888886,0.16166666666666668
23600,13.101927437782287,0.15666666666666668,0.7509999999999999,0.1583333333333333,0.15499999999999997
23700,13.02261295557022,0.15361111111111106,0.7416666666666666,0.1572222222222222,0.15
23800,13.598180522918701,0.16666666666666666,0.7833333333333333,0.16166666666666663,0.1716666666666667
23900,13.267219126224518,0.14999999999999997,0.7466666666666666,0.1516666666666667,0.14833333333333332
24000,13.339003612995148,0.15083333333333337,0.7470000000000001,0.15499999999999997,0.14666666666666667
24100,12.886998550891876,0.1575,0.7573333333333332,0.15666666666666668,0.15833333333333335
24200,13.359526407718658,0.15527777777777776,0.7516666666666668,0.15722222222222218,0.15333333333333332
24300,12.960908374786378,0.15138888888888888,0.7509999999999999,0.15444444444444444,0.14833333333333332
24400,13.949938240051269,0.15111111111111108,0.7656666666666668,0.15055555555555555,0.15166666666666664
24500,12.790161678791046,0.15833333333333333,0.7553333333333333,0.1583333333333333,0.15833333333333335
24600,14.054683504104615,0.15833333333333335,0.7576666666666668,0.1633333333333333,0.15333333333333332
24700,14.058249311447144,0.15888888888888889,0.7626666666666665,0.15944444444444444,0.15833333333333333
24800,14.122894985675812,0.15555555555555553,0.7706666666666667,0.15944444444444444,0.1516666666666667
24900,12.844005389213562,0.15472222222222218,0.7553333333333334,0.15777777777777774,0.15166666666666664
25000,13.957786235809326,0.15444444444444447,0.7493333333333333,0.15388888888888888,0.155
25100,14.221803283691406,0.15777777777777774,0.7526666666666666,0.1605555555555555,0.15499999999999997
25200,13.527743549346924,0.15527777777777776,0.745,0.15722222222222224,0.1533333333333333
25300,13.309220914840699,0.1530555555555555,0.7616666666666669,0.15777777777777774,0.14833333333333332
25400,13.681943016052246,0.15333333333333332,0.7600000000000001,0.15166666666666667,0.15499999999999997
25500,13.641396098136902,0.15583333333333332,0.7683333333333333,0.1583333333333333,0.15333333333333332
25600,13.00776344537735,0.15305555555555553,0.7663333333333332,0.15444444444444444,0.1516666666666667
25700,13.57730723142624,0.15388888888888888,0.7686666666666666,0.1511111111111111,0.15666666666666668
25800,13.035273265838622,0.1544444444444444,0.7606666666666667,0.15555555555555553,0.15333333333333332
25900,13.53336272239685,0.15166666666666664,0.753,0.15333333333333332,0.14999999999999997
26000,13.927734084129334,0.15555555555555556,0.7666666666666667,0.15611111111111106,0.155
26100,13.121862728595733,0.15111111111111108,0.7536666666666669,0.15555555555555553,0.14666666666666664
26200,12.98396431684494,0.15499999999999994,0.7523333333333336,0.15499999999999997,0.15499999999999997
26300,14.096375327110291,0.1497222222222222,0.7573333333333336,0.1511111111111111,0.14833333333333334
26400,13.611329228878022,0.1491666666666667,0.7586666666666666,0.15,0.14833333333333334
26500,12.140302293300628,0.15055555555555558,0.755,0.15277777777777776,0.14833333333333334
26600,13.638909037113189,0.1572222222222222,0.7673333333333335,0.15777777777777777,0.15666666666666665
26700,13.450503070354461,0.1527777777777778,0.753,0.1538888888888889,0.1516666666666667
26800,12.835078028440476,0.1541666666666667,0.7563333333333335,0.15333333333333332,0.155
26900,13.145629601478577,0.1572222222222222,0.7526666666666668,0.15611111111111112,0.15833333333333333
27000,13.480472912788391,0.1613888888888889,0.74,0.15944444444444444,0.1633333333333333
27100,12.418958685398103,0.15750000000000003,0.7523333333333336,0.155,0.16
27200,13.22425103187561,0.15388888888888888,0.7500000000000001,0.1544444444444445,0.15333333333333335
27300,13.60875075340271,0.15694444444444444,0.7643333333333333,0.16388888888888886,0.15
27400,13.494168767929077,0.1586111111111111,0.7646666666666667,0.1572222222222222,0.15999999999999998
27500,12.94159164428711,0.15499999999999997,0.7426666666666669,0.16000000000000003,0.15
27600,13.060605072975159,0.15777777777777782,0.7553333333333335,0.15888888888888889,0.1566666666666667
27700,14.087408690452575,0.15527777777777776,0.7720000000000001,0.15555555555555556,0.155
27800,13.718340768814087,0.16,0.7706666666666668,0.15833333333333333,0.16166666666666665
27900,13.334884202480316,0.15416666666666665,0.763,0.15666666666666665,0.15166666666666667
28000,12.641729550361633,0.15444444444444447,0.7433333333333335,0.15555555555555556,0.15333333333333335
28100,13.164665722846985,0.1602777777777778,0.7579999999999998,0.1605555555555556,0.16000000000000003
28200,13.958103399276734,0.1536111111111111,0.7533333333333335,0.15722222222222226,0.14999999999999997
28300,13.942909821271897,0.15472222222222218,0.7506666666666668,0.15611111111111112,0.15333333333333335
28400,13.667427835464478,0.15527777777777774,0.7603333333333333,0.15388888888888885,0.15666666666666668
28500,12.63117968082428,0.1525,0.7516666666666667,0.1583333333333333,0.14666666666666667
28600,13.823312573432922,0.1561111111111111,0.7590000000000001,0.16055555555555553,0.15166666666666667
28700,13.92049705505371,0.15555555555555553,0.7563333333333335,0.15777777777777777,0.15333333333333332
28800,13.819352059364318,0.14944444444444444,0.7603333333333335,0.15055555555555553,0.14833333333333334
28900,12.799510681629181,0.1536111111111111,0.7526666666666667,0.15722222222222224,0.14999999999999997
29000,13.075776233673096,0.15555555555555556,0.7546666666666667,0.15611111111111112,0.155
29100,12.791077828407287,0.15027777777777773,0.7493333333333333,0.15055555555555555,0.15000000000000002
29200,13.710729541778564,0.1536111111111111,0.7683333333333332,0.15055555555555555,0.15666666666666665
29300,13.519378576278687,0.1558333333333333,0.7636666666666668,0.15666666666666665,0.155
29400,12.792693870067597,0.15305555555555556,0.7546666666666668,0.15277777777777776,0.15333333333333335
29500,14.173153114318847,0.1502777777777778,0.76,0.1522222222222222,0.14833333333333334
29600,13.161347558498383,0.14777777777777779,0.739,0.1522222222222222,0.14333333333333337
29700,12.849007132053375,0.1494444444444444,0.7309999999999999,0.1538888888888889,0.14500000000000002
29800,12.4633038687706,0.14833333333333332,0.744,0.15,0.14666666666666667
29900,13.738633222579956,0.1586111111111111,0.7546666666666668,0.15888888888888889,0.15833333333333333
30000,13.632104306221008,0.1519444444444444,0.7446666666666668,0.15722222222222224,0.14666666666666667
30100,13.164149062633514,0.15027777777777776,0.7496666666666669,0.1538888888888889,0.14666666666666667
30200,14.505258078575133,0.15,0.7566666666666667,0.1516666666666667,0.14833333333333334
30300,13.007566630840302,0.14777777777777776,0.7506666666666668,0.15388888888888888,0.14166666666666666
30400,13.200286769866944,0.15416666666666667,0.7426666666666667,0.1516666666666667,0.1566666666666667
30500,13.298254668712616,0.15083333333333335,0.7463333333333335,0.15333333333333335,0.14833333333333337
30600,13.799453167915344,0.1511111111111111,0.753,0.15555555555555556,0.14666666666666667
30700,14.513446180820464,0.155,0.7570000000000001,0.15833333333333333,0.1516666666666667
30800,13.067482471466064,0.1511111111111111,0.748,0.15222222222222223,0.15
30900,13.379033992290497,0.15055555555555558,0.7569999999999999,0.1527777777777778,0.14833333333333334
31000,13.774278299808502,0.14972222222222223,0.7533333333333334,0.1544444444444445,0.14500000000000002
31100,13.747002105712891,0.1522222222222222,0.7620000000000001,0.1527777777777778,0.1516666666666667
31200,13.700149440765381,0.14944444444444446,0.7536666666666668,0.1488888888888889,0.15
31300,12.423231208324433,0.14749999999999996,0.754,0.15166666666666667,0.14333333333333337
31400,13.509021167755128,0.15055555555555558,0.7600000000000002,0.14944444444444444,0.1516666666666667
31500,13.457307624816895,0.15083333333333335,0.7483333333333333,0.155,0.14666666666666667
31600,13.197898850440978,0.15166666666666667,0.7539999999999999,0.155,0.14833333333333334
31700,13.626483979225158,0.15527777777777774,0.7586666666666669,0.1572222222222222,0.15333333333333335
31800,13.894202337265014,0.15444444444444444,0.7626666666666668,0.15555555555555556,0.15333333333333335
31900,13.774097256660461,0.1513888888888889,0.7593333333333336,0.15444444444444447,0.14833333333333334
32000,13.569425258636475,0.15249999999999997,0.7546666666666667,0.155,0.15
32100,12.937006123065949,0.14805555555555558,0.7396666666666667,0.15111111111111114,0.14500000000000002
32200,13.690654847621918,0.14722222222222223,0.7540000000000002,0.14944444444444446,0.14500000000000002
32300,13.075664746761323,0.15194444444444447,0.7516666666666667,0.15722222222222226,0.14666666666666667
32400,13.510788187980651,0.1486111111111111,0.7553333333333333,0.15222222222222223,0.14500000000000002
32500,13.076662478446961,0.1538888888888889,0.7586666666666667,0.15277777777777776,0.155
32600,14.1656436419487,0.14999999999999997,0.7616666666666668,0.15,0.15
32700,13.794887261390686,0.1491666666666667,0.7486666666666668,0.15,0.14833333333333337
32800,12.635504088401795,0.1527777777777778,0.7493333333333332,0.1555555555555556,0.15000000000000002
32900,12.915623993873597,0.14833333333333334,0.7506666666666668,0.1516666666666667,0.14500000000000002
33000,13.280311913490296,0.1475,0.7513333333333334,0.15,0.14500000000000002
33100,13.472195301055908,0.14972222222222223,0.7470000000000001,0.1527777777777778,0.14666666666666667
33200,13.340610094070435,0.1525,0.7466666666666667,0.15499999999999997,0.15
33300,14.652980661392212,0.15083333333333335,0.7556666666666667,0.15166666666666667,0.15
33400,12.793260018825531,0.15194444444444447,0.7583333333333331,0.1538888888888889,0.15
33500,13.592531037330627,0.1525,0.7449999999999999,0.15333333333333335,0.15166666666666667
33600,13.381471621990205,0.15249999999999997,0.7533333333333333,0.15333333333333335,0.1516666666666667
33700,14.025747113227844,0.15305555555555556,0.7573333333333333,0.15611111111111112,0.15
33800,13.938388497829438,0.14999999999999997,0.7543333333333336,0.15333333333333335,0.14666666666666667
33900,13.377414929866791,0.14666666666666664,0.7506666666666669,0.1516666666666667,0.1416666666666667
34000,14.11845909833908,0.15388888888888888,0.7613333333333333,0.15611111111111112,0.1516666666666667
34100,12.617135004997253,0.15166666666666667,0.7573333333333334,0.155,0.14833333333333334
34200,13.128265683650971,0.15277777777777776,0.7623333333333332,0.15555555555555556,0.15
34300,13.710953636169434,0.155,0.7546666666666666,0.15666666666666668,0.15333333333333335
34400,13.658304607868194,0.1525,0.7646666666666668,0.15666666666666668,0.14833333333333334
34500,13.320480802059173,0.15416666666666662,0.7590000000000002,0.15666666666666668,0.1516666666666667
34600,13.305058941841125,0.15361111111111111,0.7580000000000002,0.15722222222222224,0.15000000000000002
34700,12.755717463493347,0.15166666666666664,0.7573333333333334,0.155,0.14833333333333334
34800,13.76830424308777,0.1488888888888889,0.7496666666666668,0.14777777777777779,0.15000000000000002
34900,12.596721382141114,0.1511111111111111,0.7606666666666666,0.1538888888888889,0.14833333333333334
35000,13.411970100402833,0.14999999999999997,0.7536666666666668,0.15333333333333335,0.14666666666666667
35100,13.439466037750243,0.15000000000000002,0.7496666666666667,0.15333333333333332,0.14666666666666667
35200,13.316433382034301,0.15166666666666673,0.752,0.15166666666666667,0.1516666666666667
35300,13.688416345119476,0.1516666666666667,0.7536666666666668,0.1516666666666667,0.1516666666666667
35400,12.833577332496644,0.1533333333333333,0.7516666666666667,0.15333333333333335,0.15333333333333335
35500,13.062297763824462,0.15333333333333332,0.7556666666666667,0.1516666666666667,0.155
35600,12.17064881324768,0.1541666666666667,0.749666666666667,0.155,0.15333333333333335
35700,14.045071268081665,0.15083333333333332,0.7543333333333334,0.1516666666666667,0.15
35800,13.464185514450072,0.14805555555555558,0.7569999999999999,0.15111111111111114,0.14500000000000005
35900,12.854018745422364,0.14999999999999997,0.756,0.15333333333333335,0.14666666666666667
36000,13.250083262920379,0.1461111111111111,0.7520000000000001,0.14888888888888888,0.14333333333333337
36100,13.516512145996094,0.14666666666666664,0.7573333333333333,0.145,0.14833333333333332
36200,13.475003066062927,0.1513888888888889,0.7616666666666668,0.1511111111111111,0.15166666666666667
36300,13.373260514736176,0.15055555555555555,0.7576666666666667,0.15277777777777776,0.14833333333333334
36400,13.195039546489715,0.14944444444444444,0.7550000000000003,0.15055555555555558,0.14833333333333337
36500,13.13489243030548,0.15055555555555553,0.7566666666666667,0.15444444444444447,0.14666666666666667
36600,13.975051100254058,0.14944444444444444,0.7563333333333333,0.1488888888888889,0.14999999999999997
36700,13.749956355094909,0.14666666666666664,0.75,0.15166666666666667,0.14166666666666666
36800,13.256351418495179,0.1511111111111111,0.7509999999999999,0.15388888888888888,0.14833333333333334
36900,13.464965739250182,0.15083333333333332,0.7516666666666667,0.15333333333333335,0.14833333333333334
37000,14.667808029651642,0.1525,0.7566666666666667,0.15166666666666667,0.15333333333333335
37100,14.006340823173524,0.1502777777777778,0.7580000000000002,0.15055555555555558,0.15000000000000002
37200,13.117199153900147,0.1494444444444444,0.75,0.15222222222222223,0.14666666666666667
37300,13.687543234825135,0.1486111111111111,0.753,0.15555555555555553,0.1416666666666667
37400,13.690729432106018,0.14972222222222217,0.7583333333333334,0.1527777777777778,0.14666666666666667
37500,13.481320188045501,0.15166666666666667,0.7566666666666667,0.15,0.15333333333333332
37600,13.730610659122467,0.15166666666666664,0.7603333333333333,0.155,0.14833333333333334
37700,14.054560036659241,0.1516666666666667,0.76,0.15666666666666668,0.1466666666666667
37800,13.758422071933746,0.1561111111111111,0.7620000000000001,0.15555555555555556,0.15666666666666668
37900,13.246141996383667,0.15333333333333332,0.7563333333333334,0.155,0.15166666666666667
38000,13.35034112930298,0.1538888888888889,0.7580000000000001,0.15611111111111114,0.15166666666666667
38100,13.847965128421784,0.15305555555555558,0.7563333333333334,0.1527777777777778,0.15333333333333335
38200,13.724222438335419,0.1519444444444444,0.7579999999999999,0.1588888888888889,0.145
38300,12.76629233598709,0.1486111111111111,0.7556666666666667,0.15055555555555558,0.14666666666666667
38400,13.817035305500031,0.1513888888888889,0.7543333333333335,0.15277777777777776,0.15000000000000002
38500,13.008243827819824,0.15111111111111108,0.7503333333333334,0.1538888888888889,0.14833333333333334
38600,13.343940711021423,0.14750000000000002,0.7476666666666667,0.15166666666666667,0.14333333333333337
38700,13.343140325546266,0.14833333333333334,0.7483333333333333,0.15000000000000002,0.14666666666666667
38800,13.15778563261032,0.15083333333333335,0.7536666666666668,0.15000000000000002,0.1516666666666667
38900,13.162231268882751,0.14500000000000002,0.7516666666666667,0.14666666666666664,0.14333333333333337
39000,13.314866254329681,0.15055555555555555,0.751,0.15111111111111114,0.15000000000000002
39100,13.48541588306427,0.1491666666666667,0.7536666666666669,0.15500000000000005,0.1433333333333334
39200,13.61962522983551,0.14861111111111114,0.7600000000000001,0.15222222222222223,0.14500000000000002
39300,13.670411124229432,0.14972222222222223,0.7573333333333334,0.1527777777777778,0.1466666666666667
39400,13.872027058601379,0.15138888888888888,0.7549999999999998,0.1561111111111111,0.14666666666666664
39500,13.75544261932373,0.15055555555555555,0.7590000000000001,0.1511111111111111,0.15
39600,12.954453318119048,0.14694444444444446,0.7476666666666666,0.15055555555555555,0.14333333333333337
39700,13.510747735500336,0.14694444444444443,0.7583333333333335,0.15055555555555558,0.14333333333333337
39800,13.412777671813965,0.14638888888888893,0.7530000000000001,0.14777777777777779,0.14500000000000005
39900,13.955713167190552,0.14944444444444444,0.751,0.15222222222222223,0.14666666666666667
40000,14.000190434455872,0.14833333333333334,0.7536666666666666,0.15000000000000002,0.14666666666666667
40100,13.589894986152649,0.15138888888888888,0.7596666666666667,0.15111111111111114,0.1516666666666667
40200,13.868690900802612,0.14944444444444444,0.7593333333333334,0.15055555555555555,0.14833333333333337
40300,13.535728325843811,0.14805555555555558,0.7550000000000001,0.15111111111111114,0.14500000000000005
40400,12.942822051048278,0.15083333333333335,0.7576666666666667,0.15000000000000002,0.1516666666666667
40500,14.783830406665802,0.1491666666666667,0.7560000000000001,0.1516666666666667,0.14666666666666667
40600,12.973219511508942,0.15277777777777776,0.7540000000000001,0.15055555555555555,0.15500000000000005
40700,13.119860498905181,0.1472222222222222,0.757,0.14944444444444446,0.14500000000000002
40800,13.810010511875152,0.1486111111111111,0.7563333333333333,0.15222222222222223,0.14500000000000002
40900,14.018416094779969,0.14944444444444446,0.7540000000000001,0.15055555555555558,0.14833333333333337
41000,13.255371234416963,0.14777777777777779,0.7523333333333334,0.15055555555555558,0.14500000000000002
41100,12.984092192649841,0.15055555555555558,0.75,0.1511111111111111,0.15000000000000002
41200,13.303059833049774,0.14972222222222223,0.746,0.1527777777777778,0.14666666666666667
41300,13.604436593055725,0.1497222222222222,0.7466666666666666,0.14944444444444446,0.15
41400,12.777274811267853,0.15249999999999997,0.7483333333333334,0.15166666666666667,0.15333333333333335
41500,13.448015713691712,0.1494444444444444,0.7486666666666666,0.14888888888888893,0.15
41600,12.93269491672516,0.14972222222222223,0.7476666666666669,0.1527777777777778,0.14666666666666667
41700,13.117559089660645,0.15305555555555556,0.7526666666666667,0.15444444444444447,0.15166666666666667
41800,12.995113084316253,0.15111111111111114,0.7520000000000001,0.15055555555555558,0.15166666666666667
41900,13.949193127155304,0.14750000000000002,0.7510000000000002,0.15,0.14500000000000002
42000,13.142786560058594,0.1511111111111111,0.7500000000000001,0.1522222222222222,0.15
42100,13.6040012049675,0.15055555555555558,0.7483333333333333,0.15111111111111114,0.15000000000000002
42200,13.693582916259766,0.15027777777777776,0.7493333333333335,0.15222222222222223,0.14833333333333334
42300,12.446788274049759,0.14833333333333332,0.7483333333333334,0.15000000000000002,0.1466666666666667
42400,13.71661841392517,0.1486111111111111,0.7486666666666667,0.14888888888888893,0.14833333333333337
42500,13.39200143814087,0.15055555555555553,0.7479999999999999,0.1527777777777778,0.14833333333333334
42600,12.893193199634553,0.15249999999999997,0.7496666666666667,0.15000000000000002,0.155
42700,13.411606462001801,0.15083333333333332,0.7496666666666668,0.15333333333333335,0.14833333333333334
42800,13.62401997923851,0.14805555555555552,0.7483333333333335,0.14944444444444446,0.14666666666666667
42900,12.653016119003295,0.15249999999999997,0.7490000000000002,0.15000000000000002,0.155
43000,13.421939916610718,0.15083333333333335,0.7530000000000001,0.14666666666666667,0.155
43100,13.828929996490478,0.15000000000000002,0.749,0.15000000000000002,0.15000000000000002
43200,13.659743223190308,0.14805555555555555,0.7496666666666667,0.14944444444444444,0.1466666666666667
43300,13.003640398979186,0.15,0.7496666666666668,0.15,0.15000000000000002
43400,13.786080894470215,0.15055555555555555,0.7486666666666667,0.1527777777777778,0.14833333333333334
43500,13.574014530181884,0.1477777777777778,0.7540000000000001,0.1472222222222222,0.14833333333333337
43600,13.42323664188385,0.14555555555555555,0.7570000000000001,0.14777777777777779,0.14333333333333334
43700,13.836002690792084,0.14833333333333332,0.7593333333333334,0.15000000000000002,0.14666666666666667
43800,13.508281104564666,0.14805555555555555,0.76,0.1494444444444444,0.14666666666666664
43900,13.603283140659332,0.1475,0.7546666666666668,0.15166666666666667,0.14333333333333334
44000,13.316937952041625,0.14388888888888884,0.7566666666666669,0.14611111111111114,0.14166666666666666
44100,12.296532254219056,0.14444444444444443,0.7516666666666666,0.14555555555555555,0.14333333333333337
44200,14.081171882152557,0.14527777777777776,0.7530000000000002,0.1488888888888889,0.14166666666666666
44300,13.712968330383301,0.14555555555555558,0.751,0.14777777777777776,0.14333333333333337
44400,13.673778567314148,0.1475,0.751,0.14833333333333334,0.14666666666666667
44500,12.852120645046234,0.14777777777777779,0.7480000000000001,0.1522222222222222,0.14333333333333337
44600,14.522113981246948,0.14972222222222223,0.7536666666666668,0.1511111111111111,0.14833333333333337
44700,13.399119420051575,0.14805555555555555,0.751,0.14944444444444444,0.1466666666666667
44800,14.314198534488678,0.14749999999999996,0.7496666666666667,0.14666666666666667,0.14833333333333334
44900,14.792037410736084,0.14805555555555558,0.7543333333333334,0.14944444444444444,0.14666666666666667
45000,13.658572709560394,0.14583333333333334,0.7533333333333335,0.15000000000000002,0.14166666666666666
45100,12.455441620349884,0.1475,0.7526666666666667,0.15,0.14500000000000002
45200,14.30630656003952,0.1461111111111111,0.7526666666666668,0.15055555555555555,0.1416666666666667
45300,14.006941967010498,0.1461111111111111,0.7523333333333333,0.1488888888888889,0.14333333333333337
45400,12.600455043315888,0.14694444444444443,0.7513333333333334,0.14722222222222223,0.1466666666666667
45500,13.539217190742493,0.1461111111111111,0.7516666666666667,0.1488888888888889,0.14333333333333337
45600,12.88628913640976,0.1475,0.7496666666666668,0.14833333333333334,0.14666666666666667
45700,12.856280326843262,0.14694444444444446,0.7516666666666667,0.14555555555555558,0.14833333333333337
45800,13.896838302612304,0.14750000000000002,0.7503333333333334,0.14833333333333334,0.14666666666666667
45900,13.445939092636108,0.14638888888888887,0.752,0.14777777777777779,0.14500000000000002
46000,13.36373215675354,0.14611111111111114,0.7530000000000001,0.14555555555555558,0.1466666666666667
46100,12.584879603385925,0.14888888888888893,0.7493333333333335,0.15111111111111114,0.14666666666666667
46200,13.425213713645935,0.14722222222222223,0.7553333333333335,0.1477777777777778,0.14666666666666667
46300,13.250617830753326,0.1486111111111111,0.7543333333333333,0.15055555555555555,0.14666666666666667
46400,13.801279871463775,0.1488888888888889,0.7560000000000001,0.14777777777777779,0.15
46500,13.809564609527587,0.1519444444444444,0.7576666666666667,0.15055555555555555,0.15333333333333335
46600,14.065259275436402,0.14805555555555555,0.7576666666666667,0.14944444444444444,0.14666666666666667
46700,12.566155939102172,0.14472222222222222,0.753666666666667,0.14944444444444444,0.14
46800,13.53404099702835,0.14833333333333334,0.7563333333333336,0.14666666666666667,0.15000000000000002
46900,12.71591748714447,0.14527777777777778,0.7523333333333334,0.14722222222222223,0.14333333333333337
47000,13.235357666015625,0.14583333333333334,0.7510000000000001,0.14833333333333334,0.14333333333333337
47100,12.363237881660462,0.14527777777777778,0.7490000000000002,0.14722222222222223,0.14333333333333337
47200,13.09316012620926,0.14888888888888893,0.7479999999999999,0.1511111111111111,0.1466666666666667
47300,13.802490086555482,0.14916666666666673,0.7460000000000001,0.1516666666666667,0.14666666666666667
47400,13.614966917037965,0.1477777777777778,0.7500000000000001,0.14888888888888893,0.14666666666666667
47500,13.154359588623047,0.14750000000000005,0.7463333333333334,0.1516666666666667,0.14333333333333337
47600,13.090417463779449,0.14944444444444444,0.7490000000000002,0.1488888888888889,0.15
47700,13.569000310897827,0.14638888888888887,0.7513333333333333,0.14777777777777779,0.14500000000000002
47800,13.14242827296257,0.1488888888888889,0.7533333333333334,0.1511111111111111,0.14666666666666667
47900,13.005793585777283,0.14777777777777779,0.7543333333333334,0.1488888888888889,0.14666666666666667
48000,13.899314198493958,0.14805555555555555,0.7533333333333334,0.14944444444444444,0.14666666666666667
48100,13.139728672504425,0.14833333333333334,0.7530000000000001,0.15,0.14666666666666667
48200,12.542783887386323,0.14944444444444444,0.7523333333333334,0.1488888888888889,0.15000000000000002
48300,12.858347721099854,0.14805555555555558,0.7523333333333333,0.14777777777777779,0.14833333333333337
48400,13.917975478172302,0.14527777777777776,0.7533333333333333,0.14722222222222223,0.14333333333333337
48500,13.435520575046539,0.1486111111111111,0.7530000000000001,0.15055555555555555,0.14666666666666667
48600,12.245271306037903,0.14694444444444443,0.7496666666666668,0.14722222222222223,0.1466666666666667
48700,13.891530923843384,0.1461111111111111,0.7516666666666667,0.14722222222222223,0.14500000000000002
48800,12.18883404970169,0.14666666666666664,0.749,0.14666666666666667,0.1466666666666667
48900,13.017970881462098,0.14638888888888885,0.7476666666666667,0.14944444444444446,0.14333333333333337
49000,12.593513321876525,0.14666666666666667,0.7496666666666667,0.14500000000000002,0.14833333333333337
49100,14.18106110215187,0.14694444444444446,0.7506666666666668,0.14722222222222223,0.1466666666666667
49200,13.21221209049225,0.14555555555555555,0.7513333333333334,0.14777777777777779,0.14333333333333337
49300,14.06147679567337,0.14527777777777776,0.7503333333333333,0.1488888888888889,0.14166666666666666
49400,12.668645725250244,0.14611111111111114,0.7516666666666667,0.1488888888888889,0.14333333333333337
49500,14.556014194488526,0.14944444444444446,0.7523333333333334,0.15055555555555558,0.14833333333333337
49600,12.755944547653199,0.1488888888888889,0.7516666666666667,0.14777777777777779,0.15000000000000002
49700,14.516494727134704,0.14694444444444443,0.7523333333333334,0.15055555555555555,0.14333333333333337
49800,14.391168112754821,0.14833333333333334,0.7536666666666666,0.15333333333333335,0.14333333333333337
49900,13.419330322742463,0.1472222222222222,0.7533333333333335,0.15111111111111114,0.14333333333333337
50000,13.608630323410035,0.14638888888888893,0.7533333333333334,0.1511111111111111,0.1416666666666667
50100,13.65066906452179,0.1488888888888889,0.7536666666666666,0.1511111111111111,0.14666666666666667
50200,14.605801496505737,0.14805555555555558,0.7536666666666666,0.1511111111111111,0.14500000000000002
50300,12.907827978134156,0.14555555555555558,0.7536666666666666,0.1511111111111111,0.14
50400,14.051852467060089,0.14638888888888887,0.7553333333333333,0.14944444444444444,0.14333333333333334
50500,13.180612649917602,0.14666666666666664,0.7536666666666668,0.15000000000000002,0.14333333333333337
50600,13.807140493392945,0.14694444444444443,0.7543333333333333,0.1488888888888889,0.14500000000000002
50700,14.223075766563415,0.14666666666666664,0.754,0.15,0.14333333333333337
50800,13.7280899477005,0.14666666666666664,0.7536666666666668,0.15,0.14333333333333337
50900,14.238448133468628,0.14638888888888887,0.7543333333333335,0.14944444444444444,0.14333333333333337
51000,13.001510286331177,0.14666666666666664,0.7543333333333335,0.15,0.14333333333333337
51100,11.983511562347411,0.14694444444444443,0.7536666666666668,0.1488888888888889,0.14500000000000002
51200,13.342233760356903,0.14611111111111114,0.7533333333333334,0.15055555555555558,0.1416666666666667
51300,13.550520024299622,0.14833333333333334,0.7536666666666669,0.15000000000000002,0.1466666666666667
51400,13.970415782928466,0.14694444444444443,0.7536666666666669,0.1488888888888889,0.14500000000000005
51500,13.827841640710831,0.14527777777777778,0.7536666666666666,0.14888888888888888,0.1416666666666667
51600,12.75615071296692,0.145,0.7530000000000001,0.14833333333333334,0.1416666666666667
51700,13.477982831001281,0.14527777777777778,0.7526666666666668,0.15055555555555558,0.14
51800,13.613149480819702,0.14527777777777778,0.7530000000000001,0.1488888888888889,0.1416666666666667
51900,13.0281773519516,0.14388888888888887,0.7523333333333336,0.14944444444444446,0.13833333333333334
52000,13.474900166988373,0.14472222222222222,0.7530000000000001,0.14944444444444446,0.14
52100,13.632043290138245,0.14638888888888893,0.7530000000000001,0.14944444444444444,0.14333333333333337
52200,13.265307030677796,0.1472222222222222,0.7533333333333334,0.1511111111111111,0.14333333333333337
52300,13.413042104244232,0.14638888888888893,0.7523333333333336,0.15111111111111114,0.1416666666666667
52400,12.91048190355301,0.14694444444444443,0.7520000000000001,0.15222222222222223,0.1416666666666667
52500,13.294385468959808,0.14666666666666664,0.7520000000000001,0.1516666666666667,0.1416666666666667
52600,13.319743642807007,0.14583333333333337,0.7526666666666668,0.15,0.1416666666666667
52700,14.346760320663453,0.14777777777777779,0.7530000000000001,0.15055555555555555,0.14500000000000005
52800,12.728598570823669,0.14638888888888893,0.7520000000000001,0.14944444444444446,0.14333333333333337
52900,13.269979672431946,0.14472222222222225,0.7520000000000001,0.14944444444444446,0.14000000000000004
53000,13.61069302558899,0.1438888888888889,0.7520000000000001,0.1477777777777778,0.14000000000000004
53100,13.11765655040741,0.14444444444444446,0.7516666666666668,0.14888888888888893,0.14000000000000004
53200,13.523860478401184,0.14333333333333337,0.7516666666666668,0.14833333333333337,0.13833333333333334
53300,13.896514825820923,0.1436111111111111,0.7520000000000001,0.14888888888888893,0.13833333333333334
53400,12.583463106155396,0.1436111111111111,0.7523333333333334,0.14888888888888893,0.13833333333333334
53500,13.820178320407868,0.14416666666666667,0.7526666666666668,0.14833333333333337,0.14000000000000004
53600,13.936205179691315,0.14527777777777776,0.7523333333333333,0.14888888888888893,0.1416666666666667
53700,13.409631648063659,0.14527777777777778,0.754,0.14888888888888893,0.1416666666666667
53800,13.289871063232422,0.1438888888888889,0.754,0.14944444444444446,0.13833333333333334
53900,13.442850120067597,0.1436111111111111,0.7513333333333334,0.14888888888888893,0.13833333333333334
54000,13.16184630870819,0.14500000000000002,0.7523333333333333,0.14833333333333337,0.1416666666666667
54100,13.647861795425415,0.14555555555555558,0.7533333333333334,0.15111111111111114,0.14
54200,13.650900716781615,0.14694444444444443,0.7546666666666668,0.15055555555555555,0.14333333333333337
54300,13.926236047744752,0.14305555555555557,0.7566666666666666,0.1461111111111111,0.14000000000000004
54400,12.924155235290527,0.14583333333333331,0.7550000000000001,0.15,0.1416666666666667
54500,13.176902360916138,0.14527777777777778,0.7556666666666667,0.15055555555555555,0.14000000000000004
54600,13.232081017494203,0.1447222222222222,0.7556666666666667,0.14944444444444444,0.14000000000000004
54700,14.084507989883424,0.1461111111111111,0.7556666666666667,0.1488888888888889,0.1433333333333334
54800,13.443042721748352,0.14805555555555555,0.7566666666666666,0.14777777777777779,0.14833333333333337
54900,13.367791023254394,0.14555555555555555,0.7556666666666666,0.14944444444444444,0.14166666666666672
55000,13.028789420127868,0.14638888888888887,0.753,0.15111111111111114,0.1416666666666667
55100,12.557886407375335,0.14638888888888887,0.7533333333333334,0.15111111111111114,0.1416666666666667
55200,12.48779553413391,0.14611111111111114,0.7533333333333334,0.15055555555555558,0.1416666666666667
55300,13.686924920082092,0.14611111111111114,0.753,0.15055555555555558,0.1416666666666667
55400,13.058482990264892,0.14638888888888887,0.7520000000000001,0.15111111111111114,0.1416666666666667
55500,12.71899549484253,0.14722222222222223,0.7516666666666667,0.15111111111111114,0.14333333333333337
55600,14.12337132692337,0.14666666666666667,0.7516666666666667,0.15000000000000002,0.14333333333333337
55700,12.733752303123474,0.14666666666666667,0.752,0.15000000000000002,0.14333333333333337
55800,11.795654344558717,0.14638888888888893,0.7520000000000001,0.14777777777777779,0.14500000000000005
55900,13.918780505657196,0.14638888888888893,0.7520000000000001,0.14777777777777779,0.14500000000000005
56000,13.891600766181945,0.14694444444444443,0.752,0.15055555555555558,0.1433333333333334
56100,13.598109068870544,0.1466666666666667,0.7520000000000001,0.15000000000000002,0.14333333333333337
56200,13.004965150356293,0.14611111111111114,0.7516666666666667,0.15055555555555558,0.1416666666666667
56300,12.171432652473449,0.14500000000000002,0.7516666666666667,0.15000000000000002,0.14000000000000004
56400,13.878508324623107,0.14472222222222225,0.7520000000000001,0.14944444444444446,0.14000000000000004
56500,13.124866979122162,0.14611111111111116,0.7520000000000001,0.14888888888888893,0.14333333333333337
56600,13.271362438201905,0.14583333333333337,0.7520000000000001,0.14833333333333337,0.14333333333333337
56700,13.409622678756714,0.14638888888888893,0.7523333333333334,0.14777777777777779,0.14500000000000005
56800,12.660958528518677,0.14638888888888893,0.7523333333333334,0.14777777777777779,0.14500000000000005
56900,12.911464323997498,0.14583333333333337,0.7516666666666668,0.14666666666666667,0.14500000000000005
57000,13.02138477563858,0.1466666666666667,0.7526666666666667,0.14666666666666667,0.1466666666666667
57100,13.128664999008178,0.1466666666666667,0.7526666666666667,0.14666666666666667,0.1466666666666667
57200,13.283174602985381,0.14638888888888896,0.7526666666666667,0.14611111111111114,0.1466666666666667
57300,13.732870950698853,0.14611111111111116,0.7530000000000001,0.14555555555555558,0.1466666666666667
57400,13.277683024406434,0.14611111111111116,0.7523333333333334,0.14555555555555558,0.1466666666666667
57500,13.372652230262757,0.14638888888888896,0.7526666666666667,0.14611111111111114,0.1466666666666667
57600,13.632529306411744,0.14722222222222225,0.7523333333333334,0.1477777777777778,0.1466666666666667
57700,13.407176761627197,0.14694444444444446,0.7523333333333334,0.14888888888888893,0.14500000000000002
57800,13.67358167886734,0.14611111111111116,0.7530000000000001,0.14722222222222223,0.14500000000000002
57900,12.948979940414429,0.1452777777777778,0.7530000000000001,0.14722222222222223,0.14333333333333337
58000,13.844801998138427,0.1455555555555556,0.7530000000000001,0.14777777777777779,0.14333333333333337
58100,12.997255766391755,0.1455555555555556,0.7526666666666668,0.14777777777777779,0.14333333333333337
58200,13.926909654140472,0.14611111111111116,0.7523333333333334,0.1488888888888889,0.14333333333333337
58300,13.246134119033814,0.14611111111111116,0.7526666666666668,0.1488888888888889,0.14333333333333337
58400,13.834406297206879,0.14583333333333337,0.7526666666666668,0.14833333333333334,0.14333333333333337
58500,12.95658358693123,0.1472222222222222,0.7523333333333334,0.1511111111111111,0.14333333333333337
58600,13.295826334953308,0.14722222222222223,0.7520000000000001,0.1511111111111111,0.14333333333333337
58700,13.353562002182008,0.1472222222222222,0.7520000000000001,0.1511111111111111,0.14333333333333337
58800,12.910835704803468,0.14611111111111114,0.7526666666666668,0.1488888888888889,0.14333333333333337
58900,13.780310792922974,0.14583333333333334,0.7526666666666668,0.14833333333333334,0.14333333333333337
59000,12.498064336776734,0.14583333333333337,0.7526666666666668,0.14833333333333337,0.14333333333333337
59100,12.915174362659455,0.14583333333333337,0.7530000000000001,0.14833333333333337,0.14333333333333337
59200,13.170655901432037,0.14611111111111116,0.7530000000000001,0.14722222222222225,0.14500000000000002
59300,13.967458171844482,0.14583333333333337,0.7530000000000001,0.14833333333333337,0.14333333333333337
59400,13.328326852321625,0.14638888888888887,0.7526666666666667,0.14944444444444444,0.14333333333333337
59500,13.20971804857254,0.14666666666666664,0.7523333333333334,0.15000000000000002,0.14333333333333337
59600,12.520072221755981,0.1475,0.7520000000000002,0.15000000000000002,0.14500000000000002
59700,13.522067503929138,0.14805555555555555,0.7520000000000002,0.14944444444444446,0.1466666666666667
59800,13.673902363777161,0.14638888888888887,0.7516666666666667,0.14944444444444446,0.14333333333333337
59900,13.531999108791352,0.14583333333333334,0.7526666666666668,0.14833333333333334,0.1433333333333334
60000,12.836102433204651,0.14555555555555555,0.7516666666666668,0.14944444444444446,0.1416666666666667
60100,12.980690984725952,0.1461111111111111,0.751,0.15055555555555558,0.1416666666666667
60200,13.09980518579483,0.1461111111111111,0.751,0.15055555555555558,0.1416666666666667
60300,13.486456799507142,0.1469444444444444,0.751,0.15055555555555558,0.14333333333333337
60400,13.38244785785675,0.14666666666666664,0.7513333333333334,0.15000000000000002,0.14333333333333337
60500,13.670130801200866,0.14638888888888885,0.7513333333333334,0.14944444444444446,0.14333333333333337
60600,12.710451107025147,0.14666666666666664,0.7513333333333334,0.15000000000000002,0.14333333333333337
60700,12.702277340888976,0.1475,0.7516666666666667,0.15000000000000002,0.14500000000000002
60800,12.78896607875824,0.1475,0.7516666666666667,0.15000000000000002,0.14500000000000002
60900,14.032421748638154,0.1475,0.7516666666666667,0.15000000000000002,0.14500000000000002
61000,13.575118155479432,0.1475,0.7516666666666667,0.15000000000000002,0.14500000000000002
61100,13.525033190250397,0.14722222222222223,0.7520000000000001,0.14944444444444446,0.14500000000000002
61200,13.975688343048096,0.14777777777777779,0.7516666666666667,0.15055555555555558,0.14500000000000002
61300,13.09026662826538,0.14777777777777779,0.7516666666666667,0.15055555555555558,0.14500000000000002
61400,13.303738238811492,0.14777777777777776,0.7513333333333333,0.15055555555555558,0.14500000000000002
61500,12.470700988769531,0.14638888888888887,0.7516666666666667,0.14944444444444446,0.14333333333333337
61600,13.234345564842224,0.14666666666666664,0.7513333333333334,0.15000000000000002,0.14333333333333337
61700,13.570750498771668,0.1475,0.7516666666666667,0.15000000000000002,0.14500000000000002
61800,12.814269971847533,0.14666666666666664,0.7513333333333334,0.15000000000000002,0.14333333333333337
61900,13.24012013912201,0.14638888888888887,0.7516666666666667,0.14944444444444446,0.14333333333333337
62000,13.80535008430481,0.14694444444444443,0.752,0.14888888888888893,0.14500000000000002
62100,13.92962344646454,0.14583333333333334,0.7520000000000001,0.14833333333333337,0.14333333333333337
62200,13.158426291942597,0.1461111111111111,0.752,0.14888888888888893,0.14333333333333337
62300,13.364965453147889,0.1461111111111111,0.752,0.14888888888888893,0.14333333333333337
62400,14.251277198791504,0.1461111111111111,0.752,0.14888888888888893,0.14333333333333337
62500,13.327774271965026,0.1461111111111111,0.752,0.14888888888888893,0.14333333333333337
62600,12.534367280006409,0.14694444444444443,0.752,0.14888888888888893,0.14500000000000002
62700,13.438261070251464,0.14694444444444443,0.752,0.14888888888888893,0.14500000000000002
62800,13.461119873523712,0.14694444444444443,0.752,0.14888888888888893,0.14500000000000002
62900,13.842975271940231,0.1461111111111111,0.752,0.14888888888888893,0.14333333333333337
63000,12.556180260181428,0.14694444444444443,0.752,0.14888888888888893,0.14500000000000002
63100,13.408053280115128,0.14666666666666667,0.7523333333333334,0.14833333333333337,0.14500000000000002
63200,13.186081819534301,0.14694444444444443,0.7523333333333334,0.14888888888888893,0.14500000000000002
63300,13.201816415786743,0.1461111111111111,0.7523333333333334,0.14888888888888893,0.14333333333333337
63400,13.383837518692017,0.1461111111111111,0.7523333333333334,0.14888888888888893,0.14333333333333337
63500,12.906588099002839,0.1461111111111111,0.7523333333333334,0.14888888888888893,0.14333333333333337
63600,12.667383618354798,0.1461111111111111,0.7523333333333334,0.14888888888888893,0.14333333333333337
63700,13.23316773891449,0.14638888888888887,0.7523333333333334,0.1477777777777778,0.14500000000000002
63800,13.55690688610077,0.1472222222222222,0.7500000000000001,0.14944444444444446,0.14500000000000002
63900,13.302071566581725,0.1472222222222222,0.7500000000000001,0.14944444444444446,0.14500000000000002
64000,13.182874153852463,0.14666666666666667,0.7516666666666667,0.14833333333333337,0.14500000000000002
64100,12.670253446102143,0.14638888888888887,0.7523333333333334,0.1477777777777778,0.14500000000000002
64200,13.815988135337829,0.14694444444444443,0.7523333333333334,0.14888888888888893,0.14500000000000002
64300,13.354505391120911,0.14694444444444443,0.7523333333333334,0.14888888888888893,0.14500000000000002
64400,12.690384006500244,0.14694444444444443,0.7523333333333334,0.14888888888888893,0.14500000000000002
64500,13.432262995243072,0.14694444444444443,0.7523333333333334,0.14888888888888893,0.14500000000000002
64600,13.071565372943878,0.14694444444444443,0.7523333333333334,0.14888888888888893,0.14500000000000002
64700,13.350556645393372,0.1461111111111111,0.7523333333333334,0.14888888888888893,0.14333333333333337
64800,13.215223143100738,0.14694444444444443,0.7523333333333334,0.14888888888888893,0.14500000000000002
64900,13.627859184741974,0.14694444444444443,0.7523333333333334,0.14888888888888893,0.14500000000000002
65000,13.975205216407776,0.1461111111111111,0.7523333333333334,0.14888888888888893,0.14333333333333337
65100,13.815350813865662,0.1472222222222222,0.7516666666666667,0.14944444444444446,0.14500000000000002
65200,13.322603278160095,0.14694444444444443,0.7516666666666667,0.14888888888888893,0.14500000000000002
65300,13.719712789058685,0.1472222222222222,0.7516666666666667,0.14944444444444446,0.14500000000000002
65400,13.323871231079101,0.1472222222222222,0.7516666666666667,0.14944444444444446,0.14500000000000002
65500,12.7163110435009,0.1461111111111111,0.7523333333333334,0.14888888888888893,0.14333333333333337
65600,12.830376322269439,0.1461111111111111,0.7523333333333334,0.14888888888888893,0.14333333333333337
65700,13.405868241786957,0.1461111111111111,0.7523333333333334,0.14888888888888893,0.14333333333333337
65800,13.355905797481537,0.14638888888888887,0.7516666666666667,0.14944444444444446,0.14333333333333337
65900,13.538620150089264,0.1472222222222222,0.7516666666666667,0.14944444444444446,0.14500000000000002
66000,14.385202424526215,0.14638888888888887,0.7516666666666667,0.14944444444444446,0.14333333333333337
66100,12.985925719738006,0.14638888888888887,0.7516666666666667,0.14944444444444446,0.14333333333333337
66200,13.590745801925658,0.14638888888888887,0.7516666666666667,0.14944444444444446,0.14333333333333337
66300,12.797710943222047,0.14638888888888887,0.7516666666666667,0.14944444444444446,0.14333333333333337
66400,12.989962656497955,0.14638888888888887,0.7516666666666667,0.14944444444444446,0.14333333333333337
66500,12.611243481636047,0.1461111111111111,0.7523333333333334,0.14888888888888893,0.14333333333333337
66600,13.265174903869628,0.1461111111111111,0.7523333333333334,0.14888888888888893,0.14333333333333337
66700,13.420607569217681,0.1472222222222222,0.7516666666666667,0.14944444444444446,0.14500000000000002
66800,14.505213956832886,0.14638888888888887,0.7516666666666667,0.14944444444444446,0.14333333333333337
66900,14.10928894996643,0.1472222222222222,0.7516666666666667,0.14944444444444446,0.14500000000000002
67000,14.08355940580368,0.14722222222222223,0.7516666666666667,0.14944444444444446,0.14500000000000002
67100,13.896834359169006,0.14805555555555555,0.7516666666666667,0.14944444444444446,0.14666666666666667
67200,12.845683546066285,0.14805555555555555,0.7516666666666667,0.14944444444444446,0.14666666666666667
67300,12.776136522293092,0.14638888888888887,0.7516666666666667,0.14944444444444446,0.14333333333333337
67400,13.54389511346817,0.14666666666666667,0.7516666666666667,0.15000000000000002,0.14333333333333337
67500,13.985713386535645,0.1475,0.752,0.15000000000000002,0.14500000000000002
67600,13.36149504184723,0.14638888888888887,0.7516666666666667,0.14944444444444446,0.14333333333333337
67700,13.532209250926972,0.14666666666666667,0.7516666666666667,0.15000000000000002,0.14333333333333337
67800,13.438487849235536,0.14694444444444443,0.7516666666666667,0.15055555555555558,0.14333333333333337
67900,13.068219518661499,0.14638888888888887,0.7516666666666667,0.14944444444444446,0.14333333333333337
68000,12.534093599319458,0.14638888888888887,0.7516666666666667,0.14944444444444446,0.14333333333333337
68100,13.104618961811065,0.14638888888888887,0.7516666666666667,0.14944444444444446,0.14333333333333337
68200,13.590356850624085,0.14666666666666664,0.7516666666666667,0.15000000000000002,0.14333333333333337
68300,12.67221382379532,0.14638888888888887,0.7516666666666667,0.14944444444444446,0.14333333333333337
68400,13.261004021167755,0.14638888888888887,0.7516666666666667,0.14944444444444446,0.14333333333333337
68500,12.596307563781739,0.14638888888888887,0.7516666666666667,0.14944444444444446,0.14333333333333337
68600,13.621531710624694,0.14638888888888887,0.7516666666666667,0.14944444444444446,0.14333333333333337
68700,13.232918210029602,0.14638888888888887,0.7516666666666667,0.14944444444444446,0.14333333333333337
68800,13.09455152273178,0.14638888888888887,0.7516666666666667,0.14944444444444446,0.14333333333333337
68900,13.521882407665252,0.14638888888888887,0.7516666666666667,0.14944444444444446,0.14333333333333337
69000,13.189578237533569,0.14638888888888887,0.7516666666666667,0.14944444444444446,0.14333333333333337
69100,13.84929186820984,0.14638888888888887,0.7516666666666667,0.14944444444444446,0.14333333333333337
69200,14.507970561981201,0.14638888888888887,0.7516666666666667,0.14944444444444446,0.14333333333333337
69300,13.031507749557495,0.14638888888888887,0.7516666666666667,0.14944444444444446,0.14333333333333337
69400,12.870839264392853,0.1461111111111111,0.7523333333333334,0.14888888888888893,0.14333333333333337
69500,12.890963141918183,0.1461111111111111,0.7523333333333334,0.14888888888888893,0.14333333333333337
69600,13.149794237613678,0.1461111111111111,0.7523333333333334,0.14888888888888893,0.14333333333333337
69700,12.771313135623933,0.1461111111111111,0.7523333333333334,0.14888888888888893,0.14333333333333337
69800,13.564255199432374,0.1461111111111111,0.7523333333333334,0.14888888888888893,0.14333333333333337
69900,13.895369186401368,0.1461111111111111,0.7523333333333334,0.14888888888888893,0.14333333333333337
70000,12.924826583862306,0.1461111111111111,0.7523333333333334,0.14888888888888893,0.14333333333333337
